(0, 0)
(0.5014200210571289, 81)
(1.0468659400939941, 12)
(1.5747089385986328, 26)
(2.0923409461975098, 8)
(2.6197240352630615, 10)
(3.135622978210449, 6)
(3.6662278175354004, 22)
(4.189222812652588, 55)
(4.715340852737427, 38)
(5.227082967758179, 50)
(5.738741874694824, 84)
(6.259013891220093, 56)
(6.768244981765747, 17)
(7.281752824783325, 16)
(7.79918098449707, 28)
(8.328864812850952, 38)
(8.847119808197021, 12)
(9.411433935165405, 13)
(9.932713985443115, 43)
(10.451226949691772, 53)
(10.97396993637085, 74)
(11.489084005355835, 70)
(12.011335849761963, 46)
(12.521046876907349, 29)
(13.038410902023315, 4)
(13.553846836090088, 4)
(14.087646007537842, 23)
(14.624136924743652, 59)
(15.15127182006836, 36)
(15.684162855148315, 12)
(16.207079887390137, 40)
(16.72517991065979, 47)
(17.24393081665039, 41)
(17.766799926757812, 43)
(18.276049852371216, 52)
(18.798924922943115, 24)
(19.32023286819458, 10)
(19.84311079978943, 20)
(20.350891828536987, 21)
(20.868306875228882, 10)
(21.405661821365356, 12)
(21.917968034744263, 9)
(22.447723865509033, 18)
(22.981417894363403, 4)
(23.493273973464966, 15)
(24.00454592704773, 5)
(24.518971920013428, 5)
(25.03118586540222, 2)
(25.54424500465393, 2)
(26.05343985557556, 0)
(26.567670822143555, 11)
(27.10182285308838, 14)
(27.634351015090942, 43)
(28.166042804718018, 18)
(28.68050479888916, 42)
(29.21121382713318, 79)
(29.73445701599121, 48)
(30.250542879104614, 54)
(30.771347999572754, 70)
(31.29303002357483, 27)
(31.80827498435974, 35)
(32.325965881347656, 74)
(32.84514594078064, 40)
(33.35367488861084, 21)
(33.86549186706543, 48)
(34.37416982650757, 18)
(34.89562201499939, 3)
(35.40587782859802, 17)
(35.921339988708496, 56)
(36.4406418800354, 65)
(36.987470865249634, 10)
(37.505873918533325, 10)
(38.04284691810608, 8)
(38.58003091812134, 13)
(39.103381872177124, 10)
(39.618470907211304, 7)
(40.134936809539795, 29)
(40.67062282562256, 21)
(41.2002010345459, 18)
(41.71771788597107, 47)
(42.24206781387329, 30)
(42.77578902244568, 53)
(43.32688498497009, 20)
(43.8460898399353, 11)
(44.368109941482544, 32)
(44.885878801345825, 56)
(45.395346879959106, 37)
(45.910332918167114, 55)
(46.4337899684906, 58)
(46.968868017196655, 68)
(47.49234580993652, 26)
(48.01168894767761, 11)
(48.533862829208374, 33)
(49.05605387687683, 60)
(49.58601188659668, 67)
(50.11304998397827, 52)
(50.63129782676697, 67)
(51.1515839099884, 10)
(51.6773738861084, 9)
(52.19913697242737, 33)
(52.721205949783325, 10)
(53.23974394798279, 14)
(53.7627968788147, 7)
(54.30233597755432, 16)
(54.83321690559387, 16)
(55.35638189315796, 6)
(55.87804698944092, 26)
(56.39693093299866, 38)
(56.91444993019104, 8)
(57.434969902038574, 70)
(57.97396802902222, 37)
(58.495465993881226, 30)
(59.023005962371826, 85)
(59.559064865112305, 74)
(60.07316303253174, 39)
(60.5906708240509, 8)
(61.106359004974365, 50)
(61.628933906555176, 68)
(62.14686679840088, 37)
(62.66454291343689, 38)
(63.18083381652832, 11)
(63.6930718421936, 36)
(64.20915794372559, 50)
(64.72706484794617, 56)
(65.24481582641602, 25)
(65.77498483657837, 97)
(66.29040694236755, 31)
(66.80562496185303, 24)
(67.3186719417572, 27)
(67.83087491989136, 47)
(68.34876680374146, 46)
(68.87426280975342, 59)
(69.39887881278992, 55)
(69.93440580368042, 120)
(70.48198699951172, 31)
(70.99238896369934, 30)
(71.51303791999817, 24)
(72.04231595993042, 64)
(72.59035897254944, 10)
(73.13536286354065, 3)
(74.0814139842987, 10)
(75.14103102684021, 38)
(75.66123485565186, 60)
(76.19900393486023, 103)
(76.7168459892273, 62)
(77.23381090164185, 96)
(77.76301503181458, 57)
(78.28176188468933, 37)
(78.79448580741882, 15)
(79.30567383766174, 30)
(79.82343792915344, 52)
(80.35543584823608, 38)
(80.87127590179443, 25)
(81.38850998878479, 42)
(81.90512895584106, 30)
(82.419921875, 22)
(82.93604183197021, 23)
(83.4557089805603, 46)
(83.97990894317627, 8)
(84.51039981842041, 7)
(85.03149199485779, 6)
(85.55250096321106, 2)
(86.07037591934204, 12)
(86.58833479881287, 10)
(87.10494685173035, 4)
(87.62021493911743, 4)
(88.16048383712769, 9)
(88.6978919506073, 5)
(89.24105882644653, 27)
(89.76835584640503, 67)
(90.28996896743774, 37)
(90.80847382545471, 35)
(91.34717392921448, 68)
(91.89632797241211, 39)
(92.43946194648743, 2)
(92.97356700897217, 12)
(93.49782681465149, 10)
(94.02822780609131, 6)
(94.55540680885315, 10)
(95.09098100662231, 6)
(95.62815880775452, 16)
(96.16223883628845, 59)
(96.68053483963013, 79)
(97.19560098648071, 28)
(97.72392702102661, 5)
(98.24501490592957, 15)
(98.76089692115784, 33)
(99.27291893959045, 55)
(99.78753995895386, 20)
(100.30730891227722, 6)
(100.81671690940857, 11)
(101.33915400505066, 14)
(101.87693095207214, 8)
(102.4077308177948, 40)
(102.9256579875946, 19)
(103.45126485824585, 22)
(103.96301794052124, 11)
(104.48898792266846, 41)
(105.01104593276978, 65)
(105.52661895751953, 88)
(106.05562090873718, 63)
(106.57794189453125, 94)
(107.10072183609009, 82)
(107.61570286750793, 0)
(108.13286781311035, 8)
(108.65361094474792, 3)
(109.18564891815186, 23)
(109.6975269317627, 67)
(110.21349787712097, 26)
(110.72936391830444, 50)
(111.24537396430969, 64)
(111.75893092155457, 45)
(112.27125597000122, 53)
(112.78731083869934, 56)
(113.30178594589233, 12)
(113.81780886650085, 7)
(114.33474087715149, 68)
(114.86900782585144, 58)
(115.39098501205444, 28)
(115.92299199104309, 42)
(116.44128394126892, 54)
(116.96306300163269, 11)
(117.49235486984253, 22)
(118.04623103141785, 4)
(118.57880091667175, 13)
(119.09779596328735, 19)
(119.63942384719849, 53)
(120.1507158279419, 57)
(120.66569590568542, 75)
(121.18098402023315, 58)
(121.7009539604187, 43)
(122.21647691726685, 30)
(122.74935698509216, 55)
(123.30322599411011, 34)
(123.8513069152832, 7)
(124.37254285812378, 4)
(124.88918280601501, 36)
(125.43571400642395, 83)
(125.95961689949036, 70)
(126.46999788284302, 62)
(127.0136079788208, 34)
(127.5346028804779, 49)
(128.0765700340271, 23)
(128.6031539440155, 2)
(129.15209984779358, 30)
(129.67586588859558, 73)
(130.18768095970154, 41)
(130.7109010219574, 21)
(131.24113202095032, 6)
(131.7506809234619, 6)
(132.25930190086365, 40)
(132.7749879360199, 85)
(133.29258489608765, 47)
(133.81908798217773, 8)
(134.35260486602783, 7)
(134.8809278011322, 3)
(135.40660881996155, 8)
(135.93064093589783, 35)
(136.45018887519836, 41)
(136.9732220172882, 46)
(137.49965596199036, 20)
(138.00914788246155, 10)
(138.51865601539612, 16)
(139.0270698070526, 29)
(139.56221079826355, 7)
(140.12573194503784, 45)
(140.64706683158875, 36)
(141.17189192771912, 25)
(141.69825983047485, 15)
(142.22239589691162, 37)
(142.74244594573975, 53)
(143.26720786094666, 20)
(143.804790019989, 7)
(144.31660199165344, 15)
(144.84482383728027, 14)
(145.35556483268738, 12)
(145.862783908844, 42)
(146.3719630241394, 36)
(146.8870689868927, 10)
(147.41141200065613, 4)
(147.94226002693176, 2)
(148.46150588989258, 2)
(148.99662494659424, 28)
(149.55702686309814, 105)
(150.08294081687927, 83)
(150.60646796226501, 8)
(151.12783980369568, 38)
(151.64020800590515, 49)
(152.15763902664185, 6)
(152.6768889427185, 2)
(153.20118594169617, 26)
(153.72657179832458, 86)
(154.25950694084167, 33)
(154.78702783584595, 14)
(155.3049910068512, 36)
(155.8226659297943, 47)
(156.3342800140381, 13)
(156.84423279762268, 9)
(157.3717279434204, 5)
(157.91006183624268, 23)
(158.43500900268555, 4)
(158.9434700012207, 16)
(159.48006296157837, 6)
(160.0101969242096, 15)
(160.53270602226257, 14)
(161.04622387886047, 68)
(161.56830596923828, 90)
(162.08769392967224, 4)
(162.60306096076965, 2)
(163.15284895896912, 21)
(163.67323303222656, 31)
(164.22375202178955, 41)
(164.7320339679718, 16)
(165.25617790222168, 25)
(165.77850985527039, 77)
(166.2970428466797, 125)
(166.8280529975891, 67)
(167.34256386756897, 13)
(167.85883402824402, 21)
(168.39409494400024, 60)
(168.91875886917114, 16)
(169.43869185447693, 5)
(169.97900891304016, 6)
(170.50670385360718, 5)
(171.038094997406, 5)
(171.55484080314636, 2)
(172.10909986495972, 2)
(172.65572881698608, 5)
(173.19149899482727, 52)
(173.7270429134369, 64)
(174.2601888179779, 0)
(174.7811119556427, 0)
(175.32073092460632, 0)
(175.8385570049286, 0)
(176.3719539642334, 13)
(176.91103982925415, 60)
(177.44394302368164, 64)
(177.97098898887634, 16)
(178.50654101371765, 16)
(179.05248093605042, 11)
(179.58451890945435, 10)
(180.1335949897766, 4)
(180.6522250175476, 2)
(181.17885780334473, 6)
(181.70327997207642, 54)
(182.21575784683228, 106)
(182.72990083694458, 33)
(183.2480878829956, 15)
(183.77938890457153, 42)
(184.30123782157898, 11)
(184.8217339515686, 14)
(185.32974791526794, 35)
(185.85187482833862, 46)
(186.3638608455658, 6)
(186.8787980079651, 45)
(187.4175729751587, 60)
(187.94436502456665, 52)
(188.4729199409485, 33)
(189.0020649433136, 30)
(189.52830696105957, 55)
(190.03955483436584, 79)
(190.55501985549927, 32)
(191.0803258419037, 10)
(191.6026258468628, 17)
(192.12556290626526, 35)
(192.6501739025116, 87)
(193.17776083946228, 46)
(193.70001983642578, 6)
(194.2087960243225, 5)
(194.71760392189026, 39)
(195.2382299900055, 36)
(195.76019883155823, 38)
(196.26952195167542, 50)
(196.81490993499756, 57)
(197.33828592300415, 33)
(197.8567409515381, 34)
(198.3760290145874, 11)
(198.90516901016235, 24)
(199.43493795394897, 23)
(199.97436094284058, 78)
(200.51449990272522, 57)
(201.04260683059692, 4)
(201.57618284225464, 8)
(202.08571696281433, 18)
(202.59668803215027, 57)
(203.1290898323059, 50)
(203.63806080818176, 92)
(204.16001892089844, 66)
(204.6868588924408, 45)
(205.20853686332703, 44)
(205.7952950000763, 36)
(206.35800790786743, 29)
(206.96080493927002, 4)
(207.48680996894836, 20)
(208.02938890457153, 38)
(208.5555260181427, 44)
(209.0890929698944, 36)
(209.62276697158813, 19)
(210.1556899547577, 12)
(210.6664798259735, 21)
(211.19068884849548, 8)
(211.70431995391846, 16)
(212.23141884803772, 49)
(212.75121688842773, 76)
(213.2705729007721, 97)
(213.81916999816895, 34)
(214.33968782424927, 15)
(214.8552188873291, 37)
(215.37805199623108, 41)
(215.90217185020447, 10)
(216.45598483085632, 55)
(216.97778296470642, 87)
(217.49275398254395, 56)
(218.0178940296173, 95)
(218.55429601669312, 128)
(219.0966649055481, 32)
(219.62702083587646, 18)
(220.1544988155365, 33)
(220.6810028553009, 10)
(221.1994068622589, 11)
(221.72478890419006, 9)
(222.2466859817505, 6)
(222.76877689361572, 3)
(223.30230402946472, 7)
(223.8275158405304, 3)
(224.35057497024536, 2)
(224.87009191513062, 2)
(225.39041185379028, 2)
(225.92205286026, 9)
(226.431165933609, 2)
(226.9707429409027, 13)
(227.48679184913635, 6)
(228.00866985321045, 37)
(228.516597032547, 85)
(229.02627682685852, 39)
(229.53454780578613, 16)
(230.0435290336609, 14)
(230.55470490455627, 11)
(231.06317687034607, 13)
(231.5749328136444, 29)
(232.08464980125427, 53)
(232.59883284568787, 51)
(233.11848092079163, 16)
(233.63957595825195, 13)
(234.1670229434967, 13)
(234.7043969631195, 8)
(235.23196482658386, 18)
(235.75296592712402, 22)
(236.27066802978516, 30)
(236.78177094459534, 13)
(237.3028118610382, 11)
(237.82418203353882, 7)
(238.35174989700317, 50)
(238.8727309703827, 55)
(239.4053328037262, 54)
(239.92285680770874, 39)
(240.43072295188904, 10)
(240.9509608745575, 14)
(241.45947694778442, 3)
(241.96924901008606, 54)
(242.48762583732605, 74)
(243.02394199371338, 12)
(243.54567694664001, 30)
(244.06874799728394, 41)
(244.59043097496033, 7)
(245.1088888645172, 16)
(245.6291959285736, 10)
(246.15937185287476, 5)
(246.68528199195862, 28)
(247.2014238834381, 13)
(247.7194209098816, 8)
(248.24191403388977, 17)
(248.76510286331177, 8)
(249.28391289710999, 10)
(249.8099319934845, 32)
(250.33163189888, 41)
(250.85052180290222, 3)
(251.37505888938904, 2)
(251.89525485038757, 5)
(252.42061686515808, 15)
(252.94293880462646, 81)
(253.45909881591797, 141)
(253.98578691482544, 36)
(254.52512383460999, 35)
(255.0405158996582, 40)
(255.55528092384338, 38)
(256.0681059360504, 54)
(256.59317898750305, 25)
(257.11635994911194, 18)
(257.64290499687195, 35)
(258.1866898536682, 55)
(258.7098379135132, 6)
(259.23618483543396, 38)
(259.75470089912415, 35)
(260.26813888549805, 2)
(260.7864828109741, 1)
(261.3094530105591, 0)
(261.82365894317627, 33)
(262.3477919101715, 47)
(262.8818459510803, 51)
(263.4050040245056, 80)
(263.92510986328125, 56)
(264.44910883903503, 27)
(264.97432589530945, 39)
(265.48276591300964, 71)
(266.00087785720825, 54)
(266.52984595298767, 20)
(267.05162596702576, 10)
(267.5682849884033, 9)
(268.0817229747772, 50)
(268.59965801239014, 37)
(269.12679982185364, 6)
(269.6444048881531, 17)
(270.1839249134064, 89)
(270.69364380836487, 47)
(271.20684599876404, 15)
(271.73779487609863, 7)
(272.25497484207153, 15)
(272.7625529766083, 13)
(273.3015298843384, 46)
(273.81871795654297, 61)
(274.3343458175659, 50)
(274.8493540287018, 30)
(275.3689138889313, 26)
(275.8909969329834, 18)
(276.4224739074707, 23)
(276.9430978298187, 8)
(277.46382689476013, 45)
(277.9868109226227, 50)
(278.4974889755249, 69)
(279.01944303512573, 67)
(279.5489778518677, 24)
(280.06701588630676, 47)
(280.600713968277, 16)
(281.2063310146332, 38)
(281.74079394340515, 109)
(282.257043838501, 44)
(282.7741549015045, 34)
(283.2900319099426, 28)
(283.8101749420166, 1)
(284.32669496536255, 10)
(284.85104990005493, 27)
(285.3767988681793, 44)
(285.89341592788696, 36)
(286.45513582229614, 72)
(287.02219700813293, 24)
(287.5476930141449, 38)
(288.0749759674072, 30)
(288.5898928642273, 86)
(289.11420702934265, 69)
(289.62888383865356, 12)
(290.1561758518219, 12)
(290.7161748409271, 6)
(291.22767996788025, 4)
(291.802120923996, 17)
(292.3198068141937, 50)
(292.8360629081726, 35)
(293.3465738296509, 10)
(293.89507699012756, 36)
(294.43073201179504, 31)
(294.94573187828064, 18)
(295.46077585220337, 73)
(295.97797679901123, 48)
(296.49860191345215, 10)
(297.0066440105438, 86)
(297.5446720123291, 113)
(298.0822079181671, 96)
(298.6245930194855, 27)
(299.16160893440247, 9)
(299.6750588417053, 44)
(300.1828978061676, 24)
(300.6928508281708, 9)
(301.2128789424896, 33)
(301.7386028766632, 55)
(302.25638484954834, 29)
(302.77194595336914, 29)
(303.2953929901123, 55)
(303.8098509311676, 17)
(304.34553384780884, 20)
(304.8615758419037, 37)
(305.383661031723, 68)
(305.89567279815674, 11)
(306.40681886672974, 39)
(306.92247796058655, 27)
(307.4358208179474, 5)
(307.9671199321747, 27)
(308.49970388412476, 55)
(309.0228018760681, 61)
(309.5513069629669, 43)
(310.0805068016052, 7)
(310.610848903656, 13)
(311.14544796943665, 21)
(311.6644949913025, 19)
(312.18748784065247, 15)
(312.70731687545776, 17)
(313.2236819267273, 11)
(313.7432508468628, 11)
(314.27145195007324, 52)
(314.80701780319214, 69)
(315.32129883766174, 23)
(315.8414080142975, 2)
(316.3568489551544, 22)
(316.8835790157318, 8)
(317.4136998653412, 96)
(317.9269218444824, 64)
(318.4415409564972, 56)
(318.95836186408997, 45)
(319.47661781311035, 74)
(319.9924509525299, 30)
(320.51568698883057, 14)
(321.0375699996948, 13)
(321.5717589855194, 13)
(322.08993792533875, 16)
(322.6145329475403, 76)
(323.13878893852234, 28)
(323.661691904068, 18)
(324.18651390075684, 39)
(324.70073199272156, 50)
(325.2435348033905, 18)
(325.76302886009216, 4)
(326.27312898635864, 18)
(326.79464888572693, 17)
(327.3155508041382, 48)
(327.8440878391266, 89)
(328.36292481422424, 14)
(328.9130790233612, 2)
(329.4509799480438, 0)
(329.99401783943176, 8)
(330.51429295539856, 2)
(331.04467582702637, 2)
(331.5553448200226, 28)
(332.06642293930054, 6)
(332.58194494247437, 10)
(333.1050579547882, 40)
(333.62433981895447, 38)
(334.16269397735596, 2)
(334.6726939678192, 24)
(335.191045999527, 41)
(335.7063720226288, 8)
(336.2292249202728, 8)
(336.7426040172577, 4)
(337.26417899131775, 4)
(337.7859148979187, 27)
(338.30578899383545, 48)
(338.8295078277588, 14)
(339.3634808063507, 7)
(339.88917899131775, 21)
(340.4294238090515, 53)
(340.9543559551239, 23)
(341.47778391838074, 40)
(342.0022928714752, 25)
(342.5213270187378, 35)
(343.0459508895874, 44)
(343.56753396987915, 24)
(344.08055782318115, 8)
(344.6132879257202, 9)
(345.12452387809753, 13)
(345.63523387908936, 9)
(346.14287281036377, 2)
(346.6552588939667, 2)
(347.1628518104553, 15)
(347.67943692207336, 13)
(348.1904067993164, 24)
(348.7179880142212, 56)
(349.2271900177002, 42)
(349.73724484443665, 44)
(350.2570698261261, 62)
(350.7785940170288, 27)
(351.2957899570465, 23)
(351.80570101737976, 24)
(352.34250497817993, 24)
(352.8612959384918, 48)
(353.3711609840393, 19)
(353.8915479183197, 4)
(354.4240138530731, 11)
(354.9352569580078, 51)
(355.4510807991028, 28)
(355.9592008590698, 12)
(356.4734399318695, 46)
(356.98328590393066, 30)
(357.4912898540497, 2)
(358.0014109611511, 5)
(358.51095485687256, 35)
(359.0288338661194, 13)
(359.55041694641113, 45)
(360.0744860172272, 19)
(360.59087800979614, 5)
(361.1508238315582, 18)
(361.68414783477783, 4)
(362.20344281196594, 4)
(362.7185609340668, 10)
(363.2461919784546, 32)
(363.7543148994446, 41)
(364.2623460292816, 2)
(364.7705388069153, 13)
(365.2786319255829, 3)
(365.78809094429016, 3)
(366.3015010356903, 42)
(366.8346529006958, 30)
(367.3545038700104, 33)
(367.8750948905945, 0)
(368.41542983055115, 10)
(368.9354929924011, 6)
(369.4560990333557, 11)
(369.9824378490448, 47)
(370.53392791748047, 121)
(371.0578269958496, 14)
(371.58243894577026, 5)
(372.1201720237732, 4)
(372.6418089866638, 3)
(373.1713709831238, 40)
(373.70039987564087, 45)
(374.23086285591125, 10)
(374.77289390563965, 7)
(375.30190086364746, 15)
(375.8202188014984, 20)
(376.338693857193, 33)
(376.8651030063629, 9)
(377.38619089126587, 11)
(377.911456823349, 7)
(378.4407069683075, 4)
(378.9664750099182, 19)
(379.4978199005127, 10)
(380.02258586883545, 20)
(380.5315308570862, 44)
(381.05784797668457, 13)
(381.5899147987366, 3)
(382.10694694519043, 23)
(382.62109780311584, 15)
(383.1421868801117, 6)
(383.66052985191345, 14)
(384.19527983665466, 13)
(384.71095395088196, 9)
(385.2264838218689, 5)
(385.74476885795593, 19)
(386.26887798309326, 61)
(386.7916347980499, 23)
(387.3155469894409, 14)
(387.83659982681274, 30)
(388.3559958934784, 94)
(388.9152388572693, 95)
(389.42457389831543, 8)
(389.94748187065125, 7)
(390.4674479961395, 23)
(390.9931240081787, 53)
(391.5163459777832, 61)
(392.05645394325256, 15)
(392.5789318084717, 50)
(393.10291385650635, 78)
(393.6188998222351, 34)
(394.14153599739075, 24)
(394.6657450199127, 16)
(395.1897699832916, 12)
(395.7094609737396, 6)
(396.21907687187195, 4)
(396.72914600372314, 4)
(397.2544529438019, 0)
(397.7683608531952, 17)
(398.27662801742554, 4)
(398.8047950267792, 18)
(399.32281494140625, 43)
(399.8476150035858, 16)
(400.3617699146271, 1)
(400.87910890579224, 0)
(401.40323281288147, 0)
(401.9216239452362, 0)
(402.4410138130188, 5)
(402.96150183677673, 2)
(403.48096799850464, 2)
(404.00434589385986, 11)
(404.5220048427582, 13)
(405.04109597206116, 67)
(405.5727858543396, 32)
(406.13112688064575, 60)
(406.65003085136414, 26)
(407.17243480682373, 6)
(407.6977050304413, 2)
(408.2277739048004, 2)
(408.7494640350342, 1)
(409.2694389820099, 26)
(409.8021619319916, 4)
(410.3471019268036, 13)
(410.86831998825073, 13)
(411.40330696105957, 9)
(411.931165933609, 11)
(412.47485995292664, 58)
(412.99528884887695, 17)
(413.5031518936157, 29)
(414.01752281188965, 55)
(414.53467988967896, 51)
(415.05058693885803, 22)
(415.5678849220276, 6)
(416.08703780174255, 12)
(416.60267186164856, 6)
(417.1380310058594, 4)
(417.6546549797058, 17)
(418.1819598674774, 45)
(418.69655990600586, 25)
(419.2511718273163, 45)
(419.7713758945465, 29)
(420.2930929660797, 41)
(420.8132939338684, 60)
(421.33473801612854, 13)
(421.8538908958435, 47)
(422.3862090110779, 37)
(422.90233302116394, 8)
(423.4242868423462, 7)
(423.9730739593506, 23)
(424.49145102500916, 8)
(425.021625995636, 12)
(425.54508781433105, 48)
(426.0676460266113, 26)
(426.5772569179535, 9)
(427.0873658657074, 47)
(427.6175458431244, 53)
(428.14147186279297, 12)
(428.64976692199707, 15)
(429.15796184539795, 8)
(429.68728280067444, 10)
(430.2094419002533, 24)
(430.72880387306213, 11)
(431.2467429637909, 4)
(431.7660529613495, 11)
(432.2991440296173, 16)
(432.83476090431213, 19)
(433.368155002594, 9)
(433.90863585472107, 19)
(434.436931848526, 10)
(434.9911060333252, 5)
(435.50626397132874, 38)
(436.02711486816406, 5)
(436.54875683784485, 61)
(437.05935287475586, 52)
(437.5745108127594, 18)
(438.08388781547546, 75)
(438.62723898887634, 78)
(439.14939188957214, 34)
(439.66544795036316, 20)
(440.18090987205505, 23)
(440.69261288642883, 8)
(441.21127581596375, 45)
(441.73156690597534, 46)
(442.2471868991852, 8)
(442.757465839386, 4)
(443.26986384391785, 4)
(443.78270292282104, 4)
(444.301687002182, 8)
(444.8292438983917, 21)
(445.3568639755249, 43)
(445.87828493118286, 20)
(446.40324687957764, 4)
(446.919713973999, 17)
(447.43996000289917, 52)
(447.95813488960266, 39)
(448.48562502861023, 72)
(449.0089888572693, 80)
(449.53205585479736, 118)
(450.06452202796936, 48)
(450.5772919654846, 72)
(451.11107897758484, 78)
(451.6385099887848, 19)
(452.16060400009155, 14)
(452.66983580589294, 48)
(453.18346786499023, 57)
(453.6984050273895, 39)
(454.2105460166931, 23)
(454.72290802001953, 8)
(455.23143696784973, 0)
(455.74375200271606, 0)
(456.253536939621, 3)
(456.76883482933044, 60)
(457.2955069541931, 68)
(457.81850481033325, 47)
(458.3281948566437, 71)
(458.83793902397156, 120)
(459.35530400276184, 55)
(459.9184079170227, 22)
(460.4334399700165, 16)
(460.94896483421326, 7)
(461.4660630226135, 28)
(461.9808008670807, 56)
(462.5181758403778, 38)
(463.05761981010437, 43)
(463.58490896224976, 23)
(464.10667991638184, 12)
(464.64547896385193, 53)
(465.15864992141724, 82)
(465.6744990348816, 17)
(466.2010040283203, 8)
(466.719792842865, 6)
(467.24714183807373, 20)
(467.7958948612213, 6)
(468.3259689807892, 31)
(468.8453779220581, 32)
(469.3707628250122, 47)
(469.89724802970886, 7)
(470.43533301353455, 8)
(470.9784379005432, 4)
(471.4977169036865, 40)
(472.03131794929504, 53)
(472.5460858345032, 5)
(473.06353187561035, 4)
(473.5914738178253, 5)
(474.12556195259094, 44)
(474.7027039527893, 57)
(475.2158570289612, 23)
(475.7584009170532, 64)
(476.2807729244232, 54)
(476.8145158290863, 62)
(477.3403639793396, 24)
(477.8625919818878, 17)
(478.37911796569824, 23)
(478.8978819847107, 22)
(479.4150140285492, 11)
(479.93812680244446, 14)
(480.463809967041, 45)
(481.00417494773865, 11)
(481.5306468009949, 3)
(482.0499188899994, 3)
(482.57747292518616, 2)
(483.10844898223877, 10)
(483.636225938797, 6)
(484.17112493515015, 5)
(484.70171189308167, 4)
(485.21538186073303, 10)
(485.73192501068115, 25)
(486.2428789138794, 44)
(486.7536709308624, 24)
(487.26318883895874, 6)
(487.7797119617462, 14)
(488.3046488761902, 50)
(488.82403898239136, 25)
(489.35897493362427, 66)
(489.87020897865295, 58)
(490.3804409503937, 23)
(490.8996248245239, 41)
(491.41921186447144, 12)
(491.93500995635986, 8)
(492.4616138935089, 16)
(492.98466181755066, 30)
(493.51594400405884, 32)
(494.0318229198456, 8)
(494.5607588291168, 9)
(495.08066391944885, 6)
(495.59459590911865, 53)
(496.1345889568329, 83)
(496.65441393852234, 17)
(497.1873199939728, 43)
(497.7122759819031, 56)
(498.2223799228668, 53)
(498.73679184913635, 84)
(499.2757480144501, 68)
(499.8148148059845, 39)
(500.3350238800049, 35)
(500.85690784454346, 42)
(501.3708050251007, 17)
(501.88459300994873, 28)
(502.3984589576721, 53)
(502.912987947464, 52)
(503.4269709587097, 20)
(503.9424088001251, 35)
(504.47686195373535, 8)
(505.0058648586273, 6)
(505.5272870063782, 19)
(506.0500910282135, 57)
(506.57193303108215, 18)
(507.09892082214355, 10)
(507.6258850097656, 34)
(508.1664469242096, 100)
(508.6840498447418, 40)
(509.2037489414215, 10)
(509.7265679836273, 26)
(510.23744797706604, 28)
(510.7640149593353, 19)
(511.31293082237244, 13)
(511.93508195877075, 14)
(512.5478730201721, 10)
(513.1130969524384, 18)
(513.6367819309235, 45)
(514.1559188365936, 54)
(514.6898658275604, 96)
(515.1989138126373, 59)
(515.7165768146515, 35)
(516.2293698787689, 45)
(516.743017911911, 56)
(517.2587189674377, 46)
(517.7745130062103, 42)
(518.2881309986115, 39)
(518.8008418083191, 24)
(519.3225569725037, 32)
(519.8387818336487, 29)
(520.3510649204254, 42)
(520.8876979351044, 49)
(521.4163539409637, 37)
(521.9290659427643, 13)
(522.4477739334106, 20)
(522.9665148258209, 8)
(523.4781830310822, 55)
(524.001946926117, 95)
(524.5992999076843, 31)
(525.1432390213013, 30)
(525.6607389450073, 26)
(526.1867640018463, 31)
(526.714686870575, 26)
(527.2409780025482, 61)
(527.7643029689789, 13)
(528.2779529094696, 15)
(528.7972598075867, 9)
(529.323086977005, 8)
(529.8504679203033, 18)
(530.3674008846283, 60)
(530.8931629657745, 146)
(531.4313750267029, 61)
(531.9582509994507, 19)
(532.4790208339691, 22)
(533.009064912796, 12)
(533.5586228370667, 9)
(534.0783009529114, 6)
(534.606390953064, 5)
(535.148689031601, 33)
(535.6624269485474, 4)
(536.1781859397888, 47)
(536.6968128681183, 78)
(537.2146289348602, 46)
(537.7395308017731, 37)
(538.272588968277, 23)
(538.8046548366547, 11)
(539.3128008842468, 6)
(540.1400139331818, 9)
(540.6827449798584, 5)
(541.2486889362335, 1)
(541.9148619174957, 11)
(542.4746010303497, 47)
(542.998263835907, 63)
(543.5172970294952, 46)
(544.0432548522949, 8)
(544.5644369125366, 22)
(545.1341199874878, 13)
(545.6729068756104, 7)
(546.2221648693085, 63)
(546.733197927475, 22)
(547.2912089824677, 20)
(547.8103349208832, 30)
(548.3377058506012, 26)
(548.8547458648682, 45)
(549.3839159011841, 15)
(549.905476808548, 13)
(550.4233758449554, 10)
(550.93434882164, 39)
(551.4543159008026, 65)
(551.9767708778381, 6)
(552.4940149784088, 7)
(553.0184769630432, 12)
(553.55548787117, 59)
(554.0735518932343, 57)
(554.5897138118744, 37)
(555.0993850231171, 19)
(555.6208100318909, 49)
(556.1353240013123, 14)
(556.6542479991913, 2)
(557.1777489185333, 30)
(557.701397895813, 29)
(558.233108997345, 12)
(558.7587289810181, 11)
(559.287036895752, 12)
(559.803817987442, 54)
(560.3231999874115, 39)
(560.83886885643, 47)
(561.3667848110199, 34)
(561.8831429481506, 4)
(562.3919188976288, 18)
(562.9091458320618, 37)
(563.4326348304749, 5)
(563.9669349193573, 3)
(564.5065228939056, 8)
(565.0294480323792, 28)
(565.5543508529663, 45)
(566.0724740028381, 19)
(566.6035559177399, 16)
(567.1212129592896, 27)
(567.6515188217163, 31)
(568.1738929748535, 10)
(568.6992099285126, 45)
(569.2276568412781, 34)
(569.7548840045929, 4)
(570.2807149887085, 0)
(570.8008990287781, 0)
(571.328882932663, 0)
(571.8587880134583, 0)
(572.371465921402, 0)
(572.8830118179321, 0)
(573.393632888794, 0)
(573.9032549858093, 0)
(574.4164469242096, 0)
(574.9344108104706, 0)
(575.446939945221, 0)
(575.9583599567413, 0)
(576.4852378368378, 0)
(577.0090079307556, 0)
(577.5212459564209, 0)
(578.0354468822479, 0)
(578.5478019714355, 0)
(579.060781955719, 0)
(579.5717239379883, 0)
(580.0829708576202, 0)
(580.5904638767242, 0)
(581.1028959751129, 0)
(581.6178929805756, 0)
(582.1366469860077, 0)
(582.6598868370056, 0)
(583.1911959648132, 0)
(583.720755815506, 0)
(584.2429189682007, 0)
(584.7652409076691, 0)
(585.298425912857, 0)
(585.8306729793549, 0)
(586.3577558994293, 0)
(586.8795709609985, 0)
(587.4344909191132, 0)
(587.9592850208282, 0)
(588.4872670173645, 0)
(589.0077848434448, 0)
(589.5314028263092, 0)
(590.0562479496002, 0)
(590.5757179260254, 0)
(591.0898299217224, 0)
(591.6054799556732, 0)
(592.1319448947906, 0)
(592.6530869007111, 0)
(593.174751996994, 0)
(593.6983888149261, 0)
(594.2071478366852, 0)
(594.7149410247803, 0)
(595.2319099903107, 0)
(595.749529838562, 0)
(596.2728548049927, 0)
(596.7964928150177, 0)
(597.3094789981842, 0)
(597.8278789520264, 0)
(598.340756893158, 0)
(598.8606388568878, 0)
(599.402694940567, 0)
(599.9194798469543, 0)
(600.4405508041382, 0)
(600.9632549285889, 0)
(601.4862079620361, 0)
(602.0134859085083, 0)
(602.5301299095154, 0)
(603.0523428916931, 0)
(603.5677938461304, 0)
(604.0935549736023, 0)
(604.6102569103241, 0)
(605.1382939815521, 0)
(605.6551339626312, 0)
(606.1759829521179, 0)
(606.7002069950104, 0)
(607.2189829349518, 0)
(607.755777835846, 0)
(608.2723159790039, 0)
(608.7854449748993, 0)
(609.3020830154419, 0)
(609.8240809440613, 0)
(610.343915939331, 0)
(610.8655068874359, 0)
(611.3860449790955, 0)
(611.9044799804688, 0)
(612.4319088459015, 0)
(612.9459009170532, 0)
(613.4767680168152, 0)
(614.0009279251099, 0)
(614.5301809310913, 0)
(615.0581138134003, 0)
(615.591472864151, 0)
(616.1184840202332, 0)
(616.636430978775, 0)
(617.1536710262299, 0)
(617.6860148906708, 0)
(618.2078218460083, 0)
(618.7276389598846, 0)
(619.2527768611908, 0)
(619.771754026413, 0)
(620.289027929306, 0)
(620.8035368919373, 0)
(621.3228418827057, 0)
(621.8370850086212, 0)
(622.3605170249939, 0)
(622.9353649616241, 0)
(623.4515588283539, 0)
(623.9674859046936, 0)
(624.4863018989563, 0)
(625.017336845398, 0)
(625.5314908027649, 0)
(626.0428469181061, 0)
(626.5556738376617, 0)
(627.0697078704834, 0)
(627.5838248729706, 0)
(628.0954148769379, 0)
(628.6094219684601, 0)
(629.1202728748322, 0)
