(0.5014529228210449, 0)
(1.0204570293426514, 0)
(1.5485930442810059, 0)
(2.066638946533203, 0)
(2.5942320823669434, 0)
(3.14937686920166, 0)
(3.6771559715270996, 0)
(4.201546907424927, 0)
(4.721474885940552, 0)
(5.244699954986572, 0)
(5.764173984527588, 0)
(6.287319898605347, 0)
(6.82502007484436, 0)
(7.3518900871276855, 0)
(7.8804168701171875, 0)
(8.403548002243042, 0)
(8.921670913696289, 0)
(9.444207906723022, 0)
(9.96477198600769, 0)
(10.486933946609497, 0)
(11.00137186050415, 0)
(11.51885986328125, 0)
(12.036421060562134, 0)
(12.564825057983398, 0)
(13.087586879730225, 0)
(13.614522933959961, 0)
(14.168889045715332, 0)
(14.692650079727173, 0)
(15.227774858474731, 0)
(15.747901916503906, 0)
(16.268644094467163, 0)
(16.79233193397522, 0)
(17.314795970916748, 0)
(17.838473081588745, 0)
(18.368309020996094, 0)
(18.889113903045654, 0)
(19.408045053482056, 0)
(19.920922994613647, 0)
(20.43470788002014, 0)
(20.950408935546875, 0)
(21.46141791343689, 0)
(21.984454870224, 0)
(22.50215196609497, 0)
(23.018861055374146, 0)
(23.548362016677856, 0)
(24.16461205482483, 0)
(24.69398593902588, 0)
(25.233829021453857, 0)
(25.758008003234863, 0)
(26.271800994873047, 0)
(26.799015998840332, 0)
(27.320301055908203, 0)
(27.848006010055542, 0)
(28.368772983551025, 0)
(28.88605499267578, 0)
(29.406600952148438, 0)
(29.927540063858032, 0)
(30.44995903968811, 0)
(30.970767974853516, 0)
(31.489870071411133, 0)
(32.0166289806366, 0)
(32.53964686393738, 0)
(33.059272050857544, 0)
(33.590152978897095, 0)
(34.1221399307251, 0)
(34.64378094673157, 0)
(35.15975904464722, 0)
(35.692399978637695, 0)
(36.208821058273315, 0)
(36.728909969329834, 0)
(37.25721502304077, 0)
(37.78477501869202, 0)
(38.30867600440979, 0)
(38.86541390419006, 0)
(39.37675595283508, 0)
(39.890575885772705, 0)
(40.399231910705566, 0)
(40.91698098182678, 0)
(41.425666093826294, 0)
(41.93561291694641, 0)
(42.44819402694702, 0)
(42.97247505187988, 0)
(43.481138944625854, 0)
(43.99164891242981, 0)
(44.51578402519226, 0)
(45.049931049346924, 0)
(45.57055902481079, 0)
(46.12919092178345, 0)
(46.654391050338745, 0)
(47.169594049453735, 0)
(47.69619393348694, 0)
(48.23173403739929, 0)
(48.767868995666504, 0)
(49.3136100769043, 0)
(49.856751918792725, 0)
(50.550785064697266, 0)
(51.38528800010681, 0)
(51.91430592536926, 0)
(52.440046072006226, 0)
(52.95044302940369, 0)
(53.46037793159485, 0)
(53.98188304901123, 0)
(54.5134859085083, 0)
(55.02792191505432, 0)
(55.54514288902283, 0)
(56.09804892539978, 0)
(56.61675691604614, 0)
(57.150043964385986, 0)
(57.67233395576477, 0)
(58.19450902938843, 0)
(58.71128606796265, 0)
(59.2480149269104, 0)
(59.78753304481506, 0)
(60.410218954086304, 0)
(60.935765981674194, 0)
(61.46857500076294, 0)
(61.996691942214966, 0)
(62.56745505332947, 0)
(63.142009973526, 0)
(63.65303587913513, 0)
(64.16802191734314, 0)
(64.69566893577576, 0)
(65.20628094673157, 0)
(65.72434496879578, 0)
(66.23982405662537, 0)
(66.75797700881958, 0)
(67.2785120010376, 0)
(67.83103108406067, 0)
(68.36776399612427, 0)
(68.89605593681335, 0)
(69.42341208457947, 0)
(69.95550894737244, 0)
(70.48449206352234, 0)
(71.01680898666382, 0)
(71.55285286903381, 0)
(72.08211302757263, 0)
(72.60497808456421, 0)
(73.12419199943542, 0)
(73.65616488456726, 0)
(74.19315886497498, 0)
(74.722815990448, 0)
(75.25706505775452, 0)
(75.7881350517273, 0)
(76.30755400657654, 0)
(76.8324089050293, 0)
(77.36885499954224, 0)
(77.89684987068176, 0)
(78.43829107284546, 0)
(78.95444989204407, 0)
(79.47262406349182, 0)
(79.99011993408203, 0)
(80.52450108528137, 0)
(81.07968401908875, 0)
(81.61282396316528, 0)
(82.12912607192993, 0)
(82.6527190208435, 0)
(83.17495608329773, 0)
(83.7188708782196, 0)
(84.22806096076965, 0)
(84.74271202087402, 0)
(85.36932492256165, 0)
(86.11014795303345, 0)
(86.65213203430176, 0)
(87.16649007797241, 0)
(87.70105385780334, 0)
(88.23201298713684, 0)
(88.75957489013672, 0)
(89.30323791503906, 0)
(89.85324192047119, 0)
(90.39646100997925, 0)
(90.94920301437378, 0)
(91.53986501693726, 0)
(92.05151987075806, 0)
(92.57942605018616, 0)
(93.11554098129272, 0)
(93.64378190040588, 0)
(94.180979013443, 0)
(94.72671294212341, 0)
(95.28294897079468, 0)
(95.98621892929077, 0)
(96.52103185653687, 0)
(97.06122398376465, 0)
(97.58502101898193, 0)
(98.10898804664612, 0)
(98.63677597045898, 0)
(99.18611693382263, 0)
(99.80928301811218, 0)
(100.42221593856812, 0)
(100.94562101364136, 0)
(101.48563194274902, 0)
(102.02115201950073, 0)
(102.55849409103394, 0)
(103.09969592094421, 0)
(103.62182593345642, 0)
(104.15228986740112, 0)
(104.67521691322327, 0)
(105.2019910812378, 0)
(105.74648189544678, 0)
(106.27421188354492, 0)
(106.79365086555481, 0)
(107.30344700813293, 0)
(107.82885408401489, 0)
(108.35487508773804, 0)
(108.87050104141235, 0)
(109.3836178779602, 0)
(109.91486191749573, 0)
(110.43573307991028, 0)
(110.95632195472717, 0)
(111.4823899269104, 0)
(112.01276993751526, 0)
(112.54739904403687, 0)
(113.0641520023346, 0)
(113.57663702964783, 0)
(114.09985399246216, 0)
(114.60945105552673, 0)
(115.12466287612915, 0)
(115.6449248790741, 0)
(116.18289589881897, 0)
(116.71505904197693, 0)
(117.23725295066833, 0)
(117.7757019996643, 0)
(118.30013990402222, 0)
(118.81200790405273, 0)
(119.32628989219666, 0)
(119.8417899608612, 0)
(120.36872887611389, 0)
(120.8839020729065, 0)
(121.41601085662842, 0)
(121.94664692878723, 0)
(122.47545194625854, 0)
(123.01668095588684, 0)
(123.53336691856384, 0)
(124.04535388946533, 0)
(124.56146907806396, 0)
(125.09560108184814, 0)
(125.62360000610352, 0)
(126.15014386177063, 0)
(126.67809891700745, 0)
(127.20950102806091, 0)
(127.72649002075195, 0)
(128.24366092681885, 0)
(128.7687690258026, 0)
(129.2944459915161, 0)
(129.81937408447266, 0)
(130.34876489639282, 0)
(130.87090492248535, 0)
(131.39762592315674, 0)
(131.92306900024414, 0)
(132.44535994529724, 0)
(132.96673798561096, 0)
(133.5121259689331, 0)
(134.02598190307617, 0)
(134.54079604148865, 0)
(135.05960202217102, 0)
(135.5785620212555, 0)
(136.09270906448364, 0)
(136.61922788619995, 0)
(137.1530110836029, 0)
(137.68168687820435, 0)
(138.20809888839722, 0)
(138.73848485946655, 0)
(139.27364993095398, 0)
(139.79768800735474, 0)
(140.32154989242554, 0)
(140.8628749847412, 0)
(141.43028807640076, 0)
(141.9652819633484, 0)
(142.5050709247589, 0)
(143.02072095870972, 0)
(143.53226709365845, 0)
(144.04256987571716, 0)
(144.56274890899658, 0)
(145.0839068889618, 0)
(145.61190605163574, 0)
(146.1354739665985, 0)
(146.66689896583557, 0)
(147.18966388702393, 0)
(147.7109980583191, 0)
(148.23495602607727, 0)
(148.76259303092957, 0)
(149.30458903312683, 0)
(149.82889199256897, 0)
(150.35123300552368, 0)
(150.89242887496948, 0)
(151.4115149974823, 0)
(151.93118906021118, 0)
(152.453449010849, 0)
(153.0038719177246, 0)
(153.53014397621155, 0)
(154.051255941391, 0)
(154.59663701057434, 0)
(155.11954808235168, 0)
(155.63843989372253, 0)
(156.17548894882202, 0)
(156.71483397483826, 0)
(157.24186301231384, 0)
(157.7658519744873, 0)
(158.29549598693848, 0)
(158.80795693397522, 0)
(159.33093690872192, 0)
(159.85392594337463, 0)
(160.38996291160583, 0)
(160.93758296966553, 0)
(161.45821499824524, 0)
(161.9750850200653, 0)
(162.48737788200378, 0)
(163.00540685653687, 0)
(163.51280403137207, 0)
(164.02718496322632, 0)
(164.53760194778442, 0)
(165.04920387268066, 0)
(165.55949187278748, 0)
(166.0808548927307, 0)
(166.59390902519226, 0)
(167.10420489311218, 0)
(167.63242506980896, 0)
(168.14410591125488, 0)
(168.66963696479797, 0)
(169.1936810016632, 0)
(169.71049094200134, 0)
(170.26131987571716, 0)
(170.78953504562378, 0)
(171.31355500221252, 0)
(171.8467140197754, 0)
(172.38981199264526, 0)
(172.92164087295532, 0)
(173.4604730606079, 0)
(173.98006892204285, 0)
(174.49816393852234, 0)
(175.01319289207458, 0)
(175.52827501296997, 0)
(176.0433840751648, 0)
(176.58464694023132, 0)
(177.10070300102234, 0)
(177.64102697372437, 0)
(178.17276000976562, 0)
(178.70633602142334, 0)
(179.25005793571472, 0)
(179.7720799446106, 0)
(180.28567099571228, 0)
(180.80907702445984, 0)
(181.35410594940186, 0)
(181.88066506385803, 0)
(182.41118907928467, 0)
(182.93606805801392, 0)
(183.45525097846985, 0)
(183.9730589389801, 0)
(184.48502492904663, 0)
(185.01122403144836, 0)
(185.5407738685608, 0)
(186.06851887702942, 0)
(186.59774708747864, 0)
(187.12846899032593, 0)
(187.65200400352478, 0)
(188.177227973938, 0)
(188.7301070690155, 0)
(189.24434208869934, 0)
(189.75582599639893, 0)
(190.3116099834442, 0)
(190.8220329284668, 0)
(191.33245086669922, 0)
(191.85930585861206, 0)
(192.3961329460144, 0)
(192.94906997680664, 0)
(193.49667286872864, 0)
(194.02404594421387, 0)
(194.54993605613708, 0)
(195.06566905975342, 0)
(195.58636689186096, 0)
(196.1121220588684, 0)
(196.64295887947083, 0)
(197.1571168899536, 0)
(197.67449188232422, 0)
(198.20525693893433, 0)
(198.7261700630188, 0)
(199.24513292312622, 0)
(199.76048302650452, 0)
(200.30724692344666, 0)
(200.82524490356445, 0)
(201.34473705291748, 0)
(201.8768379688263, 0)
(202.39328503608704, 0)
(202.913969039917, 0)
(203.44236993789673, 0)
(203.99554300308228, 0)
(204.5130410194397, 0)
(205.03988885879517, 0)
(205.56546807289124, 0)
(206.07858991622925, 0)
(206.60580492019653, 0)
(207.13077902793884, 0)
(207.64587092399597, 0)
(208.16873788833618, 0)
(208.7091839313507, 0)
(209.23057103157043, 0)
(209.7561058998108, 0)
(210.27085304260254, 0)
(210.8017680644989, 0)
(211.30970406532288, 0)
(211.81768202781677, 0)
(212.3350899219513, 0)
(213.06637597084045, 0)
(213.59195494651794, 0)
(214.11118292808533, 0)
(214.63150596618652, 0)
(215.16034603118896, 0)
(215.67729902267456, 0)
(216.19193696975708, 0)
(216.72103595733643, 0)
(217.242094039917, 0)
(217.84115195274353, 0)
(218.3864369392395, 0)
(218.9123830795288, 0)
(219.4430708885193, 0)
(219.96250891685486, 0)
(220.48851990699768, 0)
(221.00136494636536, 0)
(221.5435118675232, 0)
(222.06611108779907, 0)
(222.5887749195099, 0)
(223.10161590576172, 0)
(223.61787295341492, 0)
(224.14998292922974, 0)
(224.67346286773682, 0)
(225.1972529888153, 0)
(225.7252380847931, 0)
(226.2831060886383, 0)
(226.8165340423584, 0)
(227.32745003700256, 0)
(227.85521507263184, 0)
(228.40093398094177, 0)
(228.90946006774902, 0)
(229.44763588905334, 0)
(229.9607880115509, 0)
(230.47900104522705, 0)
(231.00006699562073, 0)
(231.53300595283508, 0)
(232.04675602912903, 0)
(232.5591700077057, 0)
(233.07738995552063, 0)
(233.5994930267334, 0)
(234.1248860359192, 0)
(234.64659309387207, 0)
(235.15895009040833, 0)
(235.6727728843689, 0)
(236.18195104599, 0)
(236.69293808937073, 0)
(237.20893001556396, 0)
(237.75416088104248, 0)
(238.26791286468506, 0)
(238.77621388435364, 0)
(239.29132103919983, 0)
(239.801020860672, 0)
(240.32160592079163, 0)
(240.84989094734192, 0)
(241.38987708091736, 0)
(241.91805505752563, 0)
(242.44119787216187, 0)
(243.00083708763123, 0)
(243.5403380393982, 0)
(244.10922598838806, 0)
(244.6689898967743, 0)
(245.1921169757843, 0)
(245.71665406227112, 0)
(246.24253487586975, 0)
(246.7790870666504, 0)
(247.30913400650024, 0)
(247.82832193374634, 0)
(248.36357593536377, 0)
(248.9150710105896, 0)
(249.43188405036926, 0)
(249.9521598815918, 0)
(250.4933099746704, 0)
(251.03193306922913, 0)
(251.56234788894653, 0)
(252.08868503570557, 0)
(252.63822388648987, 0)
(253.18516302108765, 0)
(253.69807291030884, 0)
(254.2548348903656, 0)
(254.77280402183533, 0)
(255.33356499671936, 0)
(255.88263297080994, 0)
(256.47320795059204, 0)
(257.003870010376, 0)
(257.555212020874, 0)
(258.06991696357727, 0)
(258.58935809135437, 0)
(259.1547050476074, 0)
(259.68071007728577, 0)
(260.20687103271484, 0)
(260.7400300502777, 0)
(261.26387095451355, 0)
(261.8130519390106, 0)
(262.33498191833496, 0)
(262.864618062973, 0)
(263.39046907424927, 0)
(263.93344807624817, 0)
(264.4747030735016, 0)
(264.9963538646698, 0)
(265.5278799533844, 0)
(266.0576729774475, 0)
(266.58127188682556, 0)
(267.11668705940247, 0)
(267.64241790771484, 0)
(268.15809392929077, 0)
(268.67778396606445, 0)
(269.2015290260315, 0)
(269.7199819087982, 0)
(270.2482359409332, 0)
(270.80936908721924, 0)
(271.3318359851837, 0)
(271.85811495780945, 0)
(272.37157797813416, 0)
(272.9064049720764, 0)
(273.4300138950348, 0)
(273.96632409095764, 0)
(274.4830560684204, 0)
(275.02610206604004, 0)
(275.56369400024414, 0)
(276.0826699733734, 0)
(276.61265993118286, 0)
(277.1376929283142, 0)
(277.6493148803711, 0)
(278.1776258945465, 0)
(278.7042329311371, 0)
(279.22566390037537, 0)
(279.7536849975586, 0)
(280.2833340167999, 0)
(280.80976009368896, 0)
(281.324991941452, 0)
(281.8465759754181, 0)
(282.3585669994354, 0)
(282.8851990699768, 0)
(283.4243109226227, 0)
(283.9412610530853, 0)
(284.4595320224762, 0)
(284.98925399780273, 0)
(285.512482881546, 0)
(286.03472900390625, 0)
(286.55741906166077, 0)
(287.0709319114685, 0)
(287.5861020088196, 0)
(288.111624956131, 0)
(288.6726760864258, 0)
(289.19098806381226, 0)
(289.7239248752594, 0)
(290.2411079406738, 0)
(290.7644889354706, 0)
(291.30358695983887, 0)
(291.8201689720154, 0)
(292.3467810153961, 0)
(292.87847208976746, 0)
(293.3983850479126, 0)
(293.93782091140747, 0)
(294.46497201919556, 0)
(294.98330092430115, 0)
(295.49089908599854, 0)
(296.00164794921875, 0)
(296.5314190387726, 0)
(297.054701089859, 0)
(297.56981801986694, 0)
(298.1149699687958, 0)
(298.6593120098114, 0)
(299.187068939209, 0)
(299.69439005851746, 0)
(300.20918107032776, 0)
(300.71655201911926, 0)
(301.24143505096436, 0)
(301.76910185813904, 0)
(302.29766297340393, 0)
(302.8089339733124, 0)
(303.37528586387634, 0)
(303.9128248691559, 0)
(304.50023794174194, 0)
(305.045019865036, 0)
(305.5724868774414, 0)
(306.0974600315094, 0)
(306.6117808818817, 0)
(307.1288318634033, 0)
(307.6431770324707, 0)
(308.1826009750366, 0)
(308.71282291412354, 0)
(309.2494869232178, 0)
(309.7773950099945, 0)
(310.30751395225525, 0)
(310.842236995697, 0)
(311.3852479457855, 0)
(311.9289560317993, 0)
(312.4636709690094, 0)
(313.02249002456665, 0)
(313.5729229450226, 0)
(314.11942505836487, 0)
(314.67610692977905, 0)
(315.2076299190521, 0)
(315.736407995224, 0)
(316.26703786849976, 0)
(316.8069529533386, 0)
(317.34172797203064, 0)
(317.87458205223083, 0)
(319.085795879364, 0)
(319.60139203071594, 0)
(320.1289539337158, 0)
(320.6536989212036, 0)
(321.2336618900299, 0)
(321.771605014801, 0)
(322.32829093933105, 0)
(322.8498640060425, 0)
(323.4127209186554, 0)
(323.95696997642517, 0)
(324.4764199256897, 0)
(325.0082769393921, 0)
(325.5363540649414, 0)
(326.0578579902649, 0)
(326.6003119945526, 0)
(327.13537406921387, 0)
(327.6786239147186, 0)
(328.20583987236023, 0)
(328.80585503578186, 0)
(329.3351800441742, 0)
(329.8638310432434, 0)
(330.39504504203796, 0)
(330.96679186820984, 0)
(331.49684286117554, 0)
(332.0140368938446, 0)
(332.5725610256195, 0)
(333.0901219844818, 0)
(333.60769391059875, 0)
(334.15101504325867, 0)
(334.7021129131317, 0)
(335.246896982193, 0)
(335.7928788661957, 0)
(336.3045859336853, 0)
(336.82369804382324, 0)
(337.33722400665283, 0)
(337.9148359298706, 0)
(338.45273900032043, 0)
(338.9722318649292, 0)
(339.4886910915375, 0)
(340.0129749774933, 0)
(340.5275890827179, 0)
(341.05434489250183, 0)
(341.6762490272522, 0)
(342.21051597595215, 0)
(342.77509808540344, 0)
(343.3665339946747, 0)
(343.961541891098, 0)
(344.5504949092865, 0)
(345.09400606155396, 0)
(345.6096019744873, 0)
(346.2023460865021, 0)
(346.72004294395447, 0)
(347.2720420360565, 0)
(348.05427503585815, 0)
(348.6301019191742, 0)
(349.2573149204254, 0)
(349.9450969696045, 0)
(350.7212989330292, 0)
(351.2550599575043, 0)
(351.77868390083313, 0)
(352.3138599395752, 0)
(352.85280990600586, 0)
(353.3739399909973, 0)
(353.90794587135315, 0)
(354.46546602249146, 0)
(355.11841201782227, 0)
(356.31128191947937, 0)
(357.0584650039673, 0)
(357.8855860233307, 0)
(359.8433120250702, 0)
(361.21703600883484, 0)
(361.98665595054626, 0)
(362.55640292167664, 0)
(363.20764899253845, 0)
(363.89216709136963, 0)
(364.46723794937134, 0)
(365.11649894714355, 0)
(365.7017180919647, 0)
(366.220027923584, 0)
(366.8148729801178, 0)
(367.4051659107208, 0)
(368.0296950340271, 0)
(368.59119296073914, 0)
(369.13276290893555, 0)
(369.6642019748688, 0)
(370.2262020111084, 0)
(370.7921690940857, 0)
(371.31323409080505, 0)
(371.83140301704407, 0)
(372.36410188674927, 0)
(372.90821504592896, 0)
(373.49937105178833, 0)
(374.11057591438293, 0)
(374.6177890300751, 0)
(375.17587900161743, 0)
(375.7011148929596, 0)
(376.27610993385315, 0)
(376.9014720916748, 0)
(377.4385709762573, 0)
(377.9703710079193, 0)
(378.52710795402527, 0)
(379.0554358959198, 0)
(379.6047019958496, 0)
(380.1411259174347, 0)
(380.675940990448, 0)
(381.21209192276, 0)
(381.80092692375183, 0)
(382.5846018791199, 0)
(383.1255340576172, 0)
(383.6483850479126, 0)
(384.1891119480133, 0)
(384.707377910614, 0)
(385.2345840930939, 0)
(385.76694107055664, 0)
(386.31960797309875, 0)
(386.8472549915314, 0)
(387.37655901908875, 0)
(387.89331007003784, 0)
(388.4196560382843, 0)
(388.94677090644836, 0)
(389.4691789150238, 0)
(389.9876880645752, 0)
(390.51164388656616, 0)
(391.02464509010315, 0)
(391.5397779941559, 0)
(392.0715289115906, 0)
(392.6257209777832, 0)
(393.1496639251709, 0)
(393.68041801452637, 0)
(394.20499300956726, 0)
(394.7213430404663, 0)
(395.27399802207947, 0)
(395.7999150753021, 0)
(396.35915207862854, 0)
(396.91291189193726, 0)
(397.4708089828491, 0)
(398.01600098609924, 0)
(398.57536005973816, 0)
(399.1050329208374, 0)
(399.6338760852814, 0)
(400.15703201293945, 0)
(400.6804609298706, 0)
(401.2285249233246, 0)
(401.7560088634491, 0)
(402.29004096984863, 0)
(402.8191158771515, 0)
(403.3434090614319, 0)
(403.85653591156006, 0)
(404.3741240501404, 0)
(404.92429399490356, 0)
(405.44189500808716, 0)
(406.01639699935913, 0)
(406.536248922348, 0)
(407.0905730724335, 0)
(407.6080229282379, 0)
(408.1409058570862, 0)
(408.6918659210205, 0)
(409.2307999134064, 0)
(409.7656500339508, 0)
(410.2914938926697, 0)
(410.84874987602234, 0)
(411.3759660720825, 0)
(411.9153530597687, 0)
(412.444855928421, 0)
(412.9794409275055, 0)
(413.5123369693756, 0)
(414.0569519996643, 0)
(414.5916600227356, 0)
(415.1493799686432, 0)
(415.67391204833984, 0)
(416.2018349170685, 0)
(416.7447018623352, 0)
(417.2765669822693, 0)
(417.81460905075073, 0)
(418.3384599685669, 0)
(418.85642290115356, 0)
(419.4242479801178, 0)
(419.9388749599457, 0)
(420.47011399269104, 0)
(420.9849259853363, 0)
(421.5174460411072, 0)
(422.0626389980316, 0)
(422.58576703071594, 0)
(423.13878297805786, 0)
(423.66959285736084, 0)
(424.2060148715973, 0)
(424.7288658618927, 0)
(425.26011896133423, 0)
(425.80875992774963, 0)
(426.35931491851807, 0)
(426.8963849544525, 0)
(427.44696402549744, 0)
(427.9643929004669, 0)
(428.52689504623413, 0)
(429.0388720035553, 0)
(429.5688750743866, 0)
(430.08839893341064, 0)
(430.62225008010864, 0)
(431.13933205604553, 0)
(431.70189595222473, 0)
(432.2257790565491, 0)
(432.76145601272583, 0)
(433.2784159183502, 0)
(433.82204508781433, 0)
(434.3467540740967, 0)
(434.86816906929016, 0)
(435.3879940509796, 0)
(435.90309405326843, 0)
(436.4214849472046, 0)
(437.0003399848938, 0)
(437.5214378833771, 0)
(438.0769159793854, 0)
(438.60940289497375, 0)
(439.1276409626007, 0)
(439.64616799354553, 0)
(440.1626079082489, 0)
(440.6761920452118, 0)
(441.1992440223694, 0)
(441.7207260131836, 0)
(442.2398290634155, 0)
(442.7608060836792, 0)
(443.2829089164734, 0)
(443.8116409778595, 0)
(444.34279203414917, 0)
(444.89504885673523, 0)
(445.44711804389954, 0)
(445.9658799171448, 0)
(446.5350830554962, 0)
(447.07702898979187, 0)
(447.60370993614197, 0)
(448.12192392349243, 0)
(448.6585590839386, 0)
(449.1776280403137, 0)
(449.7054269313812, 0)
(450.246346950531, 0)
(450.77105689048767, 0)
(451.29227900505066, 0)
(451.8301179409027, 0)
(452.36160492897034, 0)
(452.88990902900696, 0)
(453.4144949913025, 0)
(453.9258360862732, 0)
(454.43892002105713, 0)
(454.9741270542145, 0)
(455.49726009368896, 0)
(456.01191997528076, 0)
(456.5375919342041, 0)
(457.06984996795654, 0)
(457.59593892097473, 0)
(458.12011885643005, 0)
(458.6354339122772, 0)
(459.24099802970886, 0)
(459.8400008678436, 0)
(460.36547589302063, 0)
(460.8992989063263, 0)
(461.4402220249176, 0)
(461.96365308761597, 0)
(462.48123502731323, 0)
(463.012060880661, 0)
(463.52578687667847, 0)
(464.05674290657043, 0)
(464.5758259296417, 0)
(465.08812499046326, 0)
(465.6001498699188, 0)
(466.1220669746399, 0)
(466.6520700454712, 0)
(467.20994091033936, 0)
(467.8299069404602, 0)
(468.34512305259705, 0)
(469.13035106658936, 0)
(469.8840708732605, 0)
(470.45292687416077, 0)
(471.03849697113037, 0)
(471.560800075531, 0)
(473.10916805267334, 0)
(473.6509380340576, 0)
(474.1872990131378, 0)
(474.7839689254761, 0)
(475.3444969654083, 0)
(475.9930319786072, 0)
(477.2117929458618, 0)
(478.03289890289307, 0)
(478.56897592544556, 0)
(479.13546800613403, 0)
(479.7288920879364, 0)
(480.3001940250397, 0)
(480.9161379337311, 0)
(481.43053007125854, 0)
(481.96093106269836, 0)
(482.60907101631165, 0)
(483.1341600418091, 0)
(483.70073199272156, 0)
(484.2449460029602, 0)
(484.7674539089203, 0)
(485.31994009017944, 0)
(485.9066789150238, 0)
(486.42256593704224, 0)
(486.99831986427307, 0)
(487.6994140148163, 0)
(488.3111870288849, 0)
(488.92465901374817, 0)
(489.4909579753876, 0)
(490.0120749473572, 0)
(490.54476404190063, 0)
(491.1399600505829, 0)
(491.69284105300903, 0)
(492.2207589149475, 0)
(492.785187959671, 0)
(493.33289098739624, 0)
(493.8743748664856, 0)
(494.44399905204773, 0)
(494.95724987983704, 0)
(495.50866293907166, 0)
(496.0332009792328, 0)
(496.5774459838867, 0)
(497.10621404647827, 0)
(497.6248390674591, 0)
(498.1512188911438, 0)
(498.6713960170746, 0)
(499.2550370693207, 0)
(499.79576206207275, 0)
(500.3330090045929, 0)
(500.85027503967285, 0)
(501.38006591796875, 0)
(501.9792740345001, 0)
(502.53707790374756, 2)
(503.1435968875885, 0)
(503.70318698883057, 0)
(504.2495138645172, 0)
(504.7948069572449, 2)
(505.33747386932373, 0)
(505.9110379219055, 0)
(506.4964768886566, 0)
(507.039920091629, 1)
(507.57442688941956, 0)
(508.1162440776825, 0)
(508.64646887779236, 1)
(509.21122002601624, 0)
(509.77102494239807, 0)
(510.28970098495483, 0)
(510.8115038871765, 0)
(511.3244960308075, 0)
(511.8674280643463, 0)
(512.3859670162201, 0)
(512.9375560283661, 0)
(513.4860639572144, 0)
(514.2432839870453, 0)
(515.0986499786377, 0)
(515.6128220558167, 0)
(516.1358640193939, 1)
(516.659628868103, 0)
(517.1796689033508, 0)
(517.7130219936371, 0)
(518.244903087616, 1)
(518.7599530220032, 0)
(519.2807509899139, 0)
(519.8218319416046, 0)
(520.3711478710175, 2)
(520.9055619239807, 0)
(521.4311819076538, 0)
(521.9485290050507, 0)
(522.475476026535, 1)
(522.997211933136, 0)
(523.5415480136871, 0)
(524.0726070404053, 0)
(524.6021819114685, 0)
(525.1321439743042, 0)
(525.6689620018005, 0)
(526.1870620250702, 1)
(526.7152910232544, 0)
(527.2386178970337, 1)
(527.7601680755615, 0)
(528.2937729358673, 0)
(528.8153219223022, 1)
(529.3489890098572, 0)
(529.8800780773163, 0)
(530.400337934494, 0)
(530.934975862503, 1)
(531.4478340148926, 0)
(531.9911019802094, 1)
(532.5054659843445, 0)
(533.0433340072632, 0)
(533.5668618679047, 1)
(534.1073038578033, 0)
(534.6372859477997, 0)
(535.1649260520935, 3)
(535.6830720901489, 0)
(536.1991899013519, 1)
(536.7131240367889, 0)
(537.2468299865723, 0)
(537.7583239078522, 0)
(538.2723278999329, 1)
(538.7813808917999, 0)
(539.2966690063477, 0)
(539.8103859424591, 0)
(540.3285450935364, 0)
(540.841099023819, 0)
(541.361407995224, 0)
(541.876739025116, 0)
(542.4254379272461, 1)
(542.961061000824, 0)
(543.5040600299835, 0)
(544.0268139839172, 0)
(544.5616340637207, 1)
(545.0967679023743, 0)
(545.6205968856812, 0)
(546.1421930789948, 1)
(546.6551818847656, 0)
(547.1780540943146, 0)
(547.7049129009247, 0)
(548.2236928939819, 0)
(548.7548539638519, 1)
(549.283205986023, 0)
(549.8118300437927, 0)
(550.3497149944305, 0)
(550.8674938678741, 0)
(551.3809490203857, 0)
(551.9009039402008, 1)
(552.413861989975, 0)
(552.934366941452, 0)
(553.4480490684509, 0)
(553.9800589084625, 0)
(554.4925968647003, 0)
(555.0046539306641, 1)
(555.5237329006195, 0)
(556.0479578971863, 2)
(556.5820009708405, 0)
(557.1079468727112, 1)
(557.6469430923462, 0)
(558.1677489280701, 0)
(558.6870009899139, 0)
(559.2009840011597, 0)
(559.7360470294952, 0)
(560.2508940696716, 0)
(560.7985119819641, 0)
(561.3708589076996, 0)
(561.8933260440826, 0)
(562.4328460693359, 0)
(562.9730319976807, 0)
(563.5055909156799, 0)
(564.031252861023, 0)
(564.545774936676, 0)
(565.0566210746765, 0)
(565.5935869216919, 0)
(566.1184070110321, 0)
(566.6558408737183, 1)
(567.1771519184113, 0)
(567.7349109649658, 0)
(568.2553288936615, 0)
(568.7807669639587, 0)
(569.3183600902557, 0)
(569.8389229774475, 0)
(570.3574450016022, 0)
(570.888151884079, 0)
(571.4016950130463, 0)
(571.934534072876, 2)
(572.4610600471497, 0)
(572.9906539916992, 0)
(573.5176298618317, 0)
(574.045716047287, 1)
(574.5556330680847, 0)
(575.064698934555, 0)
(575.5807950496674, 0)
(576.1226470470428, 0)
(576.6887350082397, 0)
(577.2121469974518, 0)
(577.7265858650208, 0)
(578.2576310634613, 0)
(578.7734680175781, 0)
(579.3279740810394, 0)
(579.892746925354, 0)
(580.4131639003754, 1)
(581.0373508930206, 0)
(581.5939149856567, 0)
(582.1739320755005, 0)
(582.8906960487366, 0)
(583.4080128669739, 0)
(583.9272620677948, 1)
(584.4521939754486, 0)
(584.9889469146729, 0)
(585.5118570327759, 0)
(586.0549550056458, 0)
(586.5748090744019, 0)
(587.0895879268646, 0)
(587.5975079536438, 0)
(588.1287910938263, 0)
(588.6403629779816, 0)
(589.1662750244141, 3)
(589.6832270622253, 0)
(590.2323310375214, 0)
(590.7532629966736, 0)
(591.262109041214, 0)
(591.7830419540405, 0)
(592.290335893631, 0)
(592.8187239170074, 0)
(593.3276059627533, 0)
(593.8559739589691, 0)
(594.3678529262543, 0)
(594.8962569236755, 0)
(595.4411799907684, 0)
(595.9709920883179, 0)
(596.5147490501404, 0)
(597.0461459159851, 0)
(597.571151971817, 0)
(598.0875630378723, 0)
(598.6040070056915, 0)
(599.1202850341797, 0)
(599.6533510684967, 1)
(600.1963260173798, 0)
(600.7734470367432, 0)
(601.2900140285492, 0)
(601.8109788894653, 0)
(602.3432359695435, 0)
(602.8859660625458, 0)
(603.4156329631805, 1)
(603.9408209323883, 0)
(604.4821610450745, 0)
(605.0118050575256, 0)
(605.5405049324036, 0)
(606.0666990280151, 0)
(606.593533039093, 0)
(607.2994639873505, 0)
(607.877021074295, 0)
(608.389839887619, 1)
(608.9146919250488, 0)
(609.4644269943237, 0)
(609.9834399223328, 0)
(610.5059590339661, 0)
(611.03169298172, 0)
(611.5688619613647, 0)
(612.0899028778076, 0)
(612.6609358787537, 1)
(613.1689319610596, 0)
(613.6833910942078, 0)
(614.2281310558319, 1)
(614.7606148719788, 0)
(615.2837400436401, 0)
(615.8122169971466, 0)
(616.3405160903931, 1)
(616.856034040451, 0)
(617.3828699588776, 0)
(617.9082028865814, 0)
(618.4441208839417, 0)
(619.0038800239563, 0)
(619.5243048667908, 0)
(620.0634019374847, 0)
(620.5813460350037, 0)
(621.1301019191742, 0)
(621.6599049568176, 0)
(622.1991930007935, 0)
(622.7194540500641, 0)
(623.2587769031525, 0)
(623.7792448997498, 0)
(624.3159160614014, 0)
(624.8294520378113, 0)
(625.3629529476166, 0)
(625.8872520923615, 0)
(626.4135849475861, 0)
(626.9629549980164, 1)
(627.4816899299622, 0)
(628.0279479026794, 0)
(628.5498988628387, 0)
(629.0799560546875, 0)
(629.6204109191895, 0)
(630.1326448917389, 0)
(630.6473388671875, 0)
(631.1707999706268, 0)
(631.6956310272217, 0)
(632.2191190719604, 0)
(632.7355740070343, 0)
(633.2433619499207, 0)
(633.7682070732117, 0)
(634.3096408843994, 0)
(634.8330919742584, 1)
(635.3877789974213, 0)
(635.9078149795532, 0)
(636.4451780319214, 0)
(636.965117931366, 0)
(637.5200040340424, 0)
(638.0487139225006, 0)
(638.5703880786896, 1)
(639.0921449661255, 0)
(639.6243090629578, 0)
(640.1512470245361, 0)
(640.6659848690033, 0)
(641.4487090110779, 1)
(641.9824769496918, 0)
(642.5089049339294, 0)
(643.0307328701019, 0)
(643.5718240737915, 0)
(644.0832278728485, 0)
(644.6052980422974, 0)
(645.1141588687897, 0)
(645.665699005127, 0)
(646.2023310661316, 0)
(646.7548749446869, 0)
(647.2715780735016, 1)
(647.785551071167, 0)
(648.3079259395599, 0)
