(0, 0)
(0.5022530555725098, 7)
(1.0183069705963135, 44)
(1.545470952987671, 50)
(2.058000087738037, 8)
(2.5725018978118896, 8)
(3.0799028873443604, 6)
(3.613771915435791, 28)
(4.134161949157715, 2)
(4.653888940811157, 2)
(5.1712329387664795, 2)
(5.6884191036224365, 2)
(6.205744981765747, 0)
(6.720422983169556, 7)
(7.254945993423462, 17)
(7.772178888320923, 43)
(8.299987077713013, 40)
(8.851677894592285, 14)
(9.3750159740448, 26)
(9.884320974349976, 45)
(10.420561075210571, 44)
(10.943048000335693, 64)
(11.467276096343994, 7)
(11.998015880584717, 6)
(12.517504930496216, 6)
(13.036938905715942, 13)
(13.557740926742554, 2)
(14.080257892608643, 29)
(14.597601890563965, 6)
(15.118336915969849, 12)
(15.639120101928711, 33)
(16.151555061340332, 10)
(16.663968086242676, 7)
(17.18973994255066, 6)
(17.70218801498413, 4)
(18.212897062301636, 21)
(18.733690977096558, 43)
(19.2545108795166, 15)
(19.775235891342163, 32)
(20.301007986068726, 72)
(20.81015110015869, 36)
(21.324213981628418, 7)
(21.843118906021118, 43)
(22.369970083236694, 21)
(22.88825798034668, 9)
(23.4153048992157, 3)
(23.933454990386963, 2)
(24.4712131023407, 3)
(24.992060899734497, 1)
(25.514739990234375, 0)
(26.034405946731567, 22)
(26.55552887916565, 38)
(27.084255933761597, 52)
(27.603720903396606, 10)
(28.136761903762817, 11)
(28.659358978271484, 7)
(29.17307710647583, 16)
(29.69574499130249, 41)
(30.21400499343872, 11)
(30.73958396911621, 5)
(31.257169008255005, 40)
(31.776319980621338, 29)
(32.29339408874512, 12)
(32.81738805770874, 52)
(33.336769104003906, 17)
(33.87217593193054, 10)
(34.39917302131653, 4)
(34.92304706573486, 10)
(35.43897294998169, 5)
(35.96291494369507, 18)
(36.482003927230835, 4)
(37.00751996040344, 16)
(37.52821397781372, 6)
(38.05213809013367, 6)
(38.57286310195923, 5)
(39.09145998954773, 9)
(39.6137580871582, 3)
(40.14088296890259, 2)
(40.66793394088745, 14)
(41.18709206581116, 4)
(41.70297694206238, 3)
(42.2348690032959, 2)
(42.75080394744873, 14)
(43.26995587348938, 2)
(43.78749704360962, 2)
(44.30344200134277, 2)
(44.824177980422974, 2)
(45.390284061431885, 0)
(45.90157198905945, 0)
(46.42436695098877, 0)
(46.937877893447876, 0)
(47.45422601699829, 0)
(47.978580951690674, 0)
(48.5005099773407, 13)
(49.0166540145874, 12)
(49.526618003845215, 4)
(50.03831601142883, 38)
(50.5457329750061, 23)
(51.05740404129028, 7)
(51.56791806221008, 11)
(52.0765860080719, 35)
(52.60720610618591, 41)
(53.11642503738403, 39)
(53.625403881073, 37)
(54.137892961502075, 3)
(54.65223407745361, 40)
(55.159777879714966, 41)
(55.66833305358887, 44)
(56.17694902420044, 20)
(56.698811054229736, 4)
(57.21918606758118, 5)
(57.74409794807434, 23)
(58.267579078674316, 39)
(58.79647207260132, 78)
(59.307965993881226, 9)
(59.82837390899658, 8)
(60.338375091552734, 4)
(60.846638917922974, 38)
(61.37765693664551, 32)
(61.88594388961792, 0)
(62.394229888916016, 0)
(62.902467012405396, 0)
(63.415071964263916, 0)
(63.926218032836914, 5)
(64.43436098098755, 28)
(64.94278907775879, 41)
(65.4503378868103, 30)
(65.96338891983032, 38)
(66.49178504943848, 10)
(67.01871490478516, 8)
(67.54277992248535, 8)
(68.08680200576782, 6)
(68.60081601142883, 2)
(69.12267994880676, 0)
(69.64744997024536, 0)
(70.17462587356567, 5)
(70.69691705703735, 2)
(71.22062397003174, 9)
(71.75801110267639, 4)
(72.28475904464722, 13)
(72.79997110366821, 24)
(73.30821704864502, 11)
(73.82265591621399, 14)
(74.33721709251404, 8)
(74.86647701263428, 20)
(75.39540505409241, 39)
(75.90817308425903, 9)
(76.42702507972717, 11)
(76.9593620300293, 46)
(77.46739292144775, 21)
(77.98175692558289, 6)
(78.52177810668945, 3)
(79.04820489883423, 2)
(79.56476593017578, 7)
(80.09904289245605, 11)
(80.62308192253113, 48)
(81.15800404548645, 33)
(81.67832493782043, 7)
(82.19670701026917, 33)
(82.71757507324219, 41)
(83.23306107521057, 16)
(83.75614595413208, 43)
(84.26512503623962, 25)
(84.7797908782959, 52)
(85.29769897460938, 12)
(85.8073000907898, 7)
(86.3152539730072, 4)
(86.84036493301392, 11)
(87.3542549610138, 4)
(87.87832903862, 31)
(88.39834690093994, 70)
(88.92757987976074, 87)
(89.43477010726929, 48)
(89.95655488967896, 43)
(90.47937393188477, 8)
(91.00489807128906, 6)
(91.52634000778198, 5)
(92.05183696746826, 3)
(92.58176803588867, 4)
(93.10796403884888, 4)
(93.63213396072388, 11)
(94.16708087921143, 10)
(94.69137406349182, 6)
(95.22212290763855, 6)
(95.75755906105042, 5)
(96.30992102622986, 5)
(96.83542108535767, 5)
(97.36495995521545, 3)
(97.87163496017456, 2)
(98.3998510837555, 14)
(98.91317200660706, 4)
(99.45766687393188, 15)
(99.98176789283752, 4)
(100.49108600616455, 4)
(101.01664805412292, 20)
(101.54504799842834, 36)
(102.07301306724548, 6)
(102.58533191680908, 5)
(103.09454107284546, 6)
(103.60373902320862, 52)
(104.1134340763092, 43)
(104.6287670135498, 6)
(105.15052700042725, 7)
(105.66727209091187, 22)
(106.20211791992188, 50)
(106.725900888443, 56)
(107.24616503715515, 45)
(107.76750087738037, 39)
(108.28805088996887, 2)
(108.81128287315369, 2)
(109.33293795585632, 7)
(109.87124395370483, 5)
(110.38120698928833, 36)
(110.90249991416931, 57)
(111.41816210746765, 23)
(111.9387469291687, 47)
(112.45663905143738, 27)
(112.96753597259521, 7)
(113.48409700393677, 4)
(114.00058698654175, 1)
(114.51573300361633, 0)
(115.0332260131836, 52)
(115.55436706542969, 74)
(116.08365106582642, 33)
(116.61857295036316, 6)
(117.13585710525513, 6)
(117.64333295822144, 59)
(118.17323207855225, 113)
(118.70095610618591, 40)
(119.21696400642395, 68)
(119.74082398414612, 60)
(120.27514600753784, 56)
(120.79593300819397, 66)
(121.3247139453888, 5)
(121.83934187889099, 33)
(122.35212707519531, 57)
(122.86060190200806, 3)
(123.37791705131531, 3)
(123.89706897735596, 2)
(124.41178607940674, 1)
(124.93091607093811, 24)
(125.48854494094849, 41)
(126.08595991134644, 29)
(126.59787893295288, 2)
(127.11025190353394, 2)
(127.62721300125122, 2)
(128.14185094833374, 2)
(128.651957988739, 16)
(129.17233300209045, 37)
(129.69864201545715, 27)
(130.21778893470764, 23)
(130.73700189590454, 48)
(131.26980805397034, 7)
(131.7870090007782, 4)
(132.3098590373993, 2)
(132.82349395751953, 2)
(133.34611797332764, 58)
(133.86814904212952, 87)
(134.38799691200256, 46)
(134.91130208969116, 40)
(135.46057295799255, 49)
(135.98008108139038, 28)
(136.5047950744629, 12)
(137.03031587600708, 2)
(137.55160188674927, 2)
(138.0702838897705, 2)
(138.58351492881775, 8)
(139.09851908683777, 41)
(139.61602592468262, 21)
(140.14673900604248, 42)
(140.674213886261, 21)
(141.2116780281067, 0)
(141.72914600372314, 2)
(142.25662398338318, 41)
(142.78237295150757, 22)
(143.30500507354736, 5)
(143.8390769958496, 2)
(144.36987805366516, 8)
(144.87785410881042, 4)
(145.3873929977417, 4)
(145.89531898498535, 21)
(146.41060495376587, 4)
(146.95117592811584, 3)
(147.45915508270264, 2)
(147.97528195381165, 14)
(148.49610495567322, 28)
(149.01825499534607, 11)
(149.53674602508545, 6)
(150.06459498405457, 7)
(150.57719206809998, 5)
(151.09628891944885, 2)
(151.6090440750122, 0)
(152.13616704940796, 0)
(152.65598392486572, 0)
(153.18135595321655, 0)
(153.70209503173828, 0)
(154.2180449962616, 12)
(154.73399901390076, 9)
(155.2547059059143, 4)
(155.77220392227173, 4)
(156.2984700202942, 4)
(156.8281090259552, 3)
(157.34516191482544, 1)
(157.8711860179901, 5)
(158.38710403442383, 2)
(158.90267300605774, 2)
(159.44475507736206, 2)
(159.9773828983307, 41)
(160.4991090297699, 36)
(161.01778197288513, 41)
(161.53802299499512, 15)
(162.09864211082458, 28)
(162.60803699493408, 37)
(163.13757395744324, 26)
(163.65305399894714, 39)
(164.2091109752655, 0)
(164.7355818748474, 3)
(165.25263500213623, 3)
(165.77500009536743, 3)
(166.2941288948059, 12)
(166.82396697998047, 4)
(167.34339499473572, 8)
(167.87140202522278, 4)
(168.40165996551514, 4)
(168.9153790473938, 2)
(169.4235599040985, 8)
(169.9408838748932, 3)
(170.45281505584717, 2)
(170.97929191589355, 2)
(171.49311995506287, 19)
(172.01035499572754, 40)
(172.54033994674683, 42)
(173.05790996551514, 53)
(173.58846497535706, 15)
(174.1220760345459, 4)
(174.63979697227478, 4)
(175.15981698036194, 5)
(175.68497800827026, 13)
(176.2215518951416, 2)
(176.7439479827881, 16)
(177.27273797988892, 68)
(177.79206895828247, 19)
(178.3130660057068, 5)
(178.8324429988861, 4)
(179.35356092453003, 4)
(179.88928508758545, 1)
(180.41027688980103, 6)
(180.92475605010986, 2)
(181.4424750804901, 7)
(181.96073198318481, 9)
(182.48167490959167, 6)
(183.0190200805664, 20)
(183.5414640903473, 24)
(184.0593810081482, 16)
(184.57598304748535, 8)
(185.09648299217224, 10)
(185.63055896759033, 16)
(186.14996600151062, 6)
(186.6735179424286, 2)
(187.1957709789276, 28)
(187.71586799621582, 46)
(188.23788905143738, 32)
(188.76120591163635, 72)
(189.28749299049377, 45)
(189.7950620651245, 10)
(190.33236002922058, 66)
(190.86292910575867, 70)
(191.37846994400024, 45)
(191.90242099761963, 5)
(192.41661500930786, 0)
(192.92452692985535, 7)
(193.43865203857422, 2)
(193.94820499420166, 2)
(194.46865391731262, 2)
(194.9907569885254, 2)
(195.5224449634552, 7)
(196.04612708091736, 52)
(196.57619094848633, 43)
(197.08402705192566, 12)
(197.59827208518982, 2)
(198.11676001548767, 24)
(198.6264660358429, 63)
(199.1567919254303, 44)
(199.67711400985718, 2)
(200.21177887916565, 7)
(200.73427200317383, 82)
(201.25776600837708, 44)
(201.7799210548401, 9)
(202.29907608032227, 5)
(202.8133840560913, 4)
(203.32911610603333, 4)
(203.85067892074585, 3)
(204.380863904953, 19)
(204.9167149066925, 44)
(205.4397530555725, 45)
(205.9603888988495, 15)
(206.48576092720032, 19)
(207.04234409332275, 22)
(207.56155705451965, 18)
(208.08163499832153, 48)
(208.6017460823059, 25)
(209.12384510040283, 3)
(209.642352104187, 1)
(210.16789507865906, 6)
(210.68771505355835, 13)
(211.21602392196655, 2)
(211.73437690734863, 2)
(212.2541799545288, 2)
(212.77396702766418, 12)
(213.2923460006714, 2)
(213.82910108566284, 36)
(214.35468888282776, 35)
(214.87168097496033, 17)
(215.3886959552765, 46)
(215.91837000846863, 56)
(216.4397439956665, 38)
(216.9566159248352, 18)
(217.47804498672485, 41)
(218.00461506843567, 9)
(218.5317258834839, 6)
(219.05007004737854, 25)
(219.57471799850464, 58)
(220.09458208084106, 30)
(220.64782190322876, 6)
(221.16911387443542, 4)
(221.70110297203064, 5)
(222.23165607452393, 3)
(222.7624909877777, 0)
(223.3366470336914, 0)
(223.85224509239197, 37)
(224.36007404327393, 37)
(224.87364792823792, 53)
(225.40895104408264, 79)
(225.9367880821228, 26)
(226.4601390361786, 43)
(226.98403096199036, 5)
(227.49852299690247, 0)
(228.01458597183228, 5)
(228.5324969291687, 41)
(229.0588719844818, 26)
(229.58027696609497, 2)
(230.09804511070251, 2)
(230.60752892494202, 2)
(231.1492760181427, 2)
(231.67572402954102, 38)
(232.18326687812805, 40)
(232.70454907417297, 38)
(233.22628688812256, 16)
(233.73990106582642, 0)
(234.25840592384338, 6)
(234.77868700027466, 15)
(235.2984459400177, 5)
(235.81394791603088, 4)
(236.33613109588623, 4)
(236.8739070892334, 3)
(237.39556193351746, 47)
(237.94247794151306, 77)
(238.4837770462036, 39)
(238.9924759864807, 6)
(239.504949092865, 6)
(240.02452993392944, 2)
(240.54740810394287, 2)
(241.0674409866333, 1)
(241.59030508995056, 0)
(242.12014198303223, 0)
(242.65224695205688, 6)
(243.16003704071045, 2)
(243.6692500114441, 33)
(244.19615602493286, 20)
(244.72442388534546, 16)
(245.24969005584717, 50)
(245.7809979915619, 20)
(246.3079390525818, 4)
(246.8278260231018, 4)
(247.34680199623108, 9)
(247.86548709869385, 5)
(248.38283896446228, 12)
(248.90702891349792, 4)
(249.41702890396118, 12)
(249.94031405448914, 5)
(250.48228907585144, 30)
(251.00587606430054, 19)
(251.52875304222107, 10)
(252.05407309532166, 31)
(252.56772994995117, 19)
(253.08890509605408, 12)
(253.61779808998108, 11)
(254.13535594940186, 8)
(254.66441106796265, 16)
(255.180095911026, 41)
(255.68907690048218, 23)
(256.2096300125122, 5)
(256.73595809936523, 9)
(257.2545020580292, 5)
(257.7758619785309, 2)
(258.2909801006317, 3)
(258.81051206588745, 17)
(259.3482120037079, 4)
(259.8720350265503, 4)
(260.3860590457916, 11)
(260.9151089191437, 27)
(261.45250487327576, 45)
(261.998370885849, 3)
(262.5157799720764, 2)
(263.02965807914734, 0)
(263.55872106552124, 6)
(264.07488894462585, 2)
(264.6063039302826, 2)
(265.1452178955078, 2)
(265.68807101249695, 2)
(266.20745491981506, 4)
(266.73083209991455, 3)
(267.24564504623413, 58)
(267.751482963562, 87)
(268.2611949443817, 42)
(268.8186218738556, 7)
(269.3443260192871, 6)
(269.85800790786743, 3)
(270.3756880760193, 0)
(270.91118597984314, 49)
(271.43484807014465, 30)
(271.9564800262451, 2)
(272.4701919555664, 2)
(273.0057098865509, 2)
(273.51944303512573, 1)
(274.04313492774963, 0)
(274.5669379234314, 29)
(275.09872794151306, 84)
(275.61004400253296, 28)
(276.134978055954, 2)
(276.6643190383911, 3)
(277.2129340171814, 3)
(277.7223689556122, 12)
(278.23924493789673, 41)
(278.74598002433777, 38)
(279.26667308807373, 4)
(279.7978880405426, 4)
(280.3046441078186, 15)
(280.83587193489075, 2)
(281.34608006477356, 2)
(281.8563289642334, 2)
(282.3875379562378, 2)
(282.91533493995667, 21)
(283.4377520084381, 2)
(283.96193194389343, 2)
(284.4931559562683, 2)
(285.0104079246521, 16)
(285.52770805358887, 6)
(286.0563631057739, 12)
(286.5892779827118, 6)
(287.1170229911804, 6)
(287.6396059989929, 2)
(288.1655819416046, 39)
(288.6955759525299, 84)
(289.20800495147705, 39)
(289.72702407836914, 2)
(290.24829506874084, 3)
(290.7692520618439, 0)
(291.28912806510925, 0)
(291.8191978931427, 0)
(292.3383400440216, 15)
(292.8538100719452, 21)
(293.3638560771942, 22)
(293.8792939186096, 20)
(294.3874340057373, 31)
(294.8945300579071, 12)
(295.4106390476227, 8)
(295.94285798072815, 8)
(296.466943025589, 35)
(296.98651909828186, 58)
(297.52040791511536, 38)
(298.04133105278015, 50)
(298.56736493110657, 8)
(299.11617398262024, 8)
(299.63379096984863, 3)
(300.14918398857117, 2)
(300.6859040260315, 19)
(301.19696497917175, 41)
(301.7161090373993, 20)
(302.24029302597046, 5)
(302.75433588027954, 5)
(303.2669429779053, 4)
(303.80982303619385, 3)
(304.32847905158997, 0)
(304.8394660949707, 0)
(305.34907507896423, 0)
(305.8615961074829, 0)
(306.37472701072693, 0)
(306.8867359161377, 6)
(307.39931201934814, 2)
(307.90733194351196, 2)
(308.41535806655884, 2)
(308.9278988838196, 2)
(309.44043588638306, 0)
(309.95168709754944, 28)
(310.46051692962646, 39)
(310.9944660663605, 44)
(311.50864005088806, 5)
(312.0419499874115, 0)
(312.5602340698242, 0)
(313.07072496414185, 0)
(313.5948688983917, 0)
(314.1189270019531, 0)
(314.639230966568, 0)
(315.1496798992157, 0)
(315.65821409225464, 7)
(316.1823389530182, 2)
(316.7103350162506, 40)
(317.2234070301056, 47)
(317.7779619693756, 39)
(318.2859320640564, 7)
(318.79623889923096, 12)
(319.3133978843689, 8)
(319.8220579624176, 14)
(320.3339989185333, 5)
(320.8582589626312, 4)
(321.3981730937958, 3)
(321.92414689064026, 2)
(322.4413990974426, 1)
(322.95863604545593, 0)
(323.5020101070404, 0)
(324.0227770805359, 0)
(324.539990901947, 0)
(325.0590178966522, 6)
(325.6023790836334, 45)
(326.1143651008606, 85)
(326.631639957428, 42)
(327.189640045166, 14)
(327.7099840641022, 0)
(328.2316379547119, 0)
(328.7580270767212, 27)
(329.27825808525085, 38)
(329.7860150337219, 0)
(330.29684495925903, 0)
(330.81397700309753, 0)
(331.32330989837646, 0)
(331.85131096839905, 11)
(332.3808240890503, 42)
(332.9072918891907, 31)
(333.4276010990143, 4)
(333.969584941864, 4)
(334.5037109851837, 1)
(335.0114588737488, 34)
(335.5239369869232, 49)
(336.0436038970947, 12)
(336.57364797592163, 47)
(337.09044003486633, 29)
(337.60394191741943, 11)
(338.1213870048523, 4)
(338.64868807792664, 3)
(339.1701400279999, 42)
(339.7102530002594, 38)
(340.21763491630554, 10)
(340.76846408843994, 71)
(341.29756593704224, 25)
(341.81930208206177, 7)
(342.36333298683167, 8)
(342.8875079154968, 4)
(343.4161639213562, 1)
(343.9344549179077, 9)
(344.4468939304352, 24)
(344.969584941864, 66)
(345.50422191619873, 55)
(346.0313220024109, 15)
(346.5566039085388, 4)
(347.0893249511719, 2)
(347.59839701652527, 2)
(348.1125690937042, 2)
(348.657527923584, 14)
(349.1678020954132, 41)
(349.7151870727539, 16)
(350.2896430492401, 3)
(350.8187611103058, 23)
(351.33290791511536, 69)
(351.84879207611084, 45)
(352.36000394821167, 12)
(352.8787178993225, 40)
(353.3993229866028, 22)
(353.918340921402, 2)
(354.4410328865051, 9)
(354.97861909866333, 4)
(355.4865610599518, 9)
(356.0048859119415, 5)
(356.54834604263306, 9)
(357.0710508823395, 12)
(357.59270191192627, 7)
(358.1239879131317, 42)
(358.64816093444824, 71)
(359.17094707489014, 28)
(359.70114302635193, 1)
(360.21048402786255, 0)
(360.7199499607086, 0)
(361.23859906196594, 6)
(361.756609916687, 2)
(362.27199602127075, 8)
(362.7874710559845, 37)
(363.30582308769226, 49)
(363.8452138900757, 21)
(364.3591830730438, 9)
(364.87028098106384, 60)
(365.39485597610474, 102)
(365.9035370349884, 6)
(366.43562602996826, 36)
(366.97155809402466, 30)
(367.50462102890015, 38)
(368.0353660583496, 21)
(368.5554940700531, 2)
(369.07660388946533, 3)
(369.5989670753479, 2)
(370.11869192123413, 2)
(370.6287760734558, 14)
(371.1430079936981, 10)
(371.6723129749298, 12)
(372.19176387786865, 8)
(372.7168550491333, 25)
(373.2387731075287, 21)
(373.7584810256958, 6)
(374.2877199649811, 21)
(374.80740690231323, 24)
(375.32982110977173, 15)
(375.8523619174957, 8)
(376.37333607673645, 8)
(376.8958170413971, 6)
(377.4291899204254, 13)
(377.9792890548706, 4)
(378.4955949783325, 2)
(379.0246949195862, 2)
(379.54502511024475, 2)
(380.08383107185364, 38)
(380.6224539279938, 27)
(381.1427888870239, 39)
(381.6767599582672, 72)
(382.1989459991455, 45)
(382.72991490364075, 40)
(383.26531505584717, 0)
(383.7924129962921, 0)
(384.3275260925293, 6)
(384.8478579521179, 27)
(385.3770730495453, 45)
(385.9083790779114, 13)
(386.4245479106903, 14)
(386.96951389312744, 4)
(387.5112500190735, 16)
(388.04497599601746, 55)
(388.56750893592834, 62)
(389.09402990341187, 41)
(389.623517036438, 69)
(390.1328489780426, 45)
(390.6678318977356, 21)
(391.1987590789795, 38)
(391.7309548854828, 69)
(392.24413800239563, 8)
(392.7504880428314, 6)
(393.2692840099335, 5)
(393.8013780117035, 13)
(394.3227241039276, 2)
(394.84414887428284, 25)
(395.3722400665283, 8)
(395.8908739089966, 6)
(396.4231050014496, 4)
(396.94209694862366, 10)
(397.4654688835144, 3)
(397.9989080429077, 2)
(398.5230178833008, 2)
(399.0476438999176, 2)
(399.58745789527893, 1)
(400.10764598846436, 0)
(400.6397030353546, 5)
(401.1915090084076, 2)
(401.7124490737915, 2)
(402.2351839542389, 2)
(402.7886679172516, 3)
(403.3082149028778, 0)
(403.8306269645691, 0)
(404.36434507369995, 0)
(404.87544107437134, 7)
(405.38652300834656, 2)
(405.9049029350281, 2)
(406.41535210609436, 3)
(406.9280149936676, 8)
(407.4356288909912, 8)
(407.94407296180725, 4)
(408.4847459793091, 9)
(408.9928629398346, 31)
(409.51611590385437, 43)
(410.05893898010254, 53)
(410.57661509513855, 34)
(411.11201906204224, 13)
(411.6299080848694, 11)
(412.14534091949463, 7)
(412.66329193115234, 2)
(413.19846200942993, 0)
(413.7180531024933, 0)
(414.23374605178833, 0)
(414.7831530570984, 15)
(415.30857610702515, 3)
(415.8261818885803, 49)
(416.3576328754425, 28)
(416.86404395103455, 43)
(417.3850190639496, 9)
(417.91953206062317, 4)
(418.4498920440674, 14)
(418.9795000553131, 6)
(419.4878740310669, 13)
(420.00783705711365, 6)
(420.5278170108795, 6)
(421.04005694389343, 3)
(421.5581429004669, 2)
(422.0737450122833, 11)
(422.6017460823059, 2)
(423.12235593795776, 28)
(423.6468560695648, 21)
(424.1638638973236, 4)
(424.68372988700867, 6)
(425.2036941051483, 8)
(425.7179870605469, 9)
(426.27825808525085, 5)
(426.80391097068787, 5)
(427.32904505729675, 29)
(427.85203194618225, 30)
(428.3674829006195, 33)
(428.8903760910034, 24)
(429.4277091026306, 54)
(429.9526119232178, 31)
(430.48047399520874, 5)
(431.0011260509491, 2)
(431.5233199596405, 0)
(432.04816198349, 0)
(432.5889480113983, 6)
(433.0994300842285, 2)
(433.62419295310974, 10)
(434.140084028244, 78)
(434.6621079444885, 26)
(435.18154788017273, 5)
(435.7013010978699, 5)
(436.22981309890747, 8)
(436.75283789634705, 7)
(437.26750802993774, 42)
(437.79253602027893, 14)
(438.32226300239563, 2)
(438.8387060165405, 1)
(439.3636510372162, 0)
(439.89677000045776, 6)
(440.42494797706604, 9)
(440.9397749900818, 2)
(441.4596269130707, 2)
(441.9794590473175, 2)
(442.4932539463043, 21)
(443.04757499694824, 11)
(443.55583095550537, 7)
(444.0721640586853, 7)
(444.5935158729553, 6)
(445.12001490592957, 2)
(445.6347699165344, 12)
(446.159432888031, 2)
(446.6797320842743, 2)
(447.2085790634155, 2)
(447.7267360687256, 10)
(448.2533779144287, 35)
(448.7700231075287, 34)
(449.2958970069885, 2)
(449.82343196868896, 2)
(450.3556249141693, 0)
(450.88097310066223, 0)
(451.41938400268555, 0)
(451.9541199207306, 0)
(452.47752690315247, 10)
(453.0141189098358, 8)
(453.52909994125366, 54)
(454.04872488975525, 131)
(454.57069206237793, 33)
(455.0826358795166, 3)
(455.6071300506592, 2)
(456.13840794563293, 9)
(456.6696400642395, 11)
(457.1779899597168, 42)
(457.6984899044037, 8)
(458.20817589759827, 15)
(458.7206211090088, 46)
(459.2370181083679, 42)
(459.76431107521057, 6)
(460.28204107284546, 4)
(460.8119430541992, 11)
(461.3364939689636, 3)
(461.8582921028137, 14)
(462.3787660598755, 35)
(462.90337800979614, 38)
(463.425076007843, 12)
(463.94831895828247, 4)
(464.4754729270935, 2)
(464.98788189888, 28)
(465.53286695480347, 41)
(466.0600700378418, 0)
(466.58883690834045, 0)
(467.1353220939636, 0)
(467.65530705451965, 0)
(468.20510387420654, 0)
(468.72615909576416, 0)
(469.24708104133606, 0)
(469.78601598739624, 38)
(470.30274295806885, 27)
(470.83591508865356, 12)
(471.3564920425415, 41)
(471.871896982193, 53)
(472.4033908843994, 61)
(472.9171619415283, 26)
(473.4689049720764, 13)
(473.9923679828644, 14)
(474.51645398139954, 6)
(475.04116892814636, 8)
(475.56446504592896, 42)
(476.09265089035034, 36)
(476.60383892059326, 40)
(477.11802101135254, 12)
(477.65622091293335, 33)
(478.1762080192566, 6)
(478.7042648792267, 14)
(479.21422505378723, 7)
(479.72218799591064, 4)
(480.2362148761749, 3)
(480.7583758831024, 24)
(481.284157037735, 44)
(481.80635595321655, 12)
(482.3223578929901, 2)
(482.8564600944519, 2)
(483.3692739009857, 7)
(483.90924096107483, 2)
(484.4211959838867, 55)
(484.9432590007782, 75)
(485.48340106010437, 19)
(485.994668006897, 3)
(486.5265040397644, 8)
(487.0399720668793, 7)
(487.5741798877716, 4)
(488.1002929210663, 5)
(488.6194589138031, 13)
(489.1478490829468, 4)
(489.6717519760132, 8)
(490.1924510002136, 42)
(490.70105504989624, 21)
(491.2082550525665, 20)
(491.73543405532837, 51)
(492.24597692489624, 46)
(492.8035409450531, 8)
(493.31785893440247, 8)
(493.83104610443115, 23)
(494.3717849254608, 4)
(494.87935400009155, 8)
(495.4153060913086, 4)
(495.9233589172363, 13)
(496.4510328769684, 12)
(496.9695179462433, 6)
(497.4906048774719, 13)
(497.9969630241394, 43)
(498.5054450035095, 44)
(499.04878401756287, 43)
(499.5630009174347, 16)
(500.0853650569916, 40)
(500.6108009815216, 49)
(501.13467597961426, 8)
(501.66089606285095, 4)
(502.17948508262634, 22)
(502.70952701568604, 59)
(503.22745990753174, 43)
(503.75723099708557, 20)
(504.2784490585327, 19)
(504.82016706466675, 49)
(505.35160207748413, 13)
(505.9001929759979, 9)
(506.4513530731201, 2)
(506.9764039516449, 39)
(507.5022270679474, 13)
(508.02219700813293, 2)
(508.55657291412354, 0)
(509.07366609573364, 0)
(509.6038579940796, 7)
(510.12236499786377, 4)
(510.64383697509766, 13)
(511.1624050140381, 27)
(511.686115026474, 45)
(512.2018799781799, 5)
(512.7597570419312, 7)
(513.2970860004425, 52)
(513.8162040710449, 18)
(514.3581840991974, 11)
(514.8826520442963, 4)
(515.4143440723419, 41)
(515.9247000217438, 6)
(516.4394619464874, 39)
(516.9942579269409, 113)
(517.5153369903564, 17)
(518.0296819210052, 4)
(518.5557169914246, 2)
(519.0943460464478, 8)
(519.6126470565796, 3)
(520.1399369239807, 8)
(520.6632599830627, 4)
(521.1857469081879, 4)
(521.7125420570374, 3)
(522.2283959388733, 2)
(522.7695639133453, 0)
(523.2881948947906, 10)
(523.8099029064178, 34)
(524.3588049411774, 41)
(524.8835120201111, 4)
(525.4158089160919, 8)
(525.9242289066315, 2)
(526.4319179058075, 2)
(526.9730980396271, 26)
(527.4876370429993, 43)
(528.0009789466858, 1)
(528.5305008888245, 0)
(529.0641798973083, 20)
(529.5869889259338, 78)
(530.1246500015259, 30)
(530.6403019428253, 2)
(531.1588099002838, 8)
(531.6981809139252, 4)
(532.2170798778534, 14)
(532.7467310428619, 88)
(533.2630290985107, 95)
(533.7885429859161, 69)
(534.3033299446106, 45)
(534.825159072876, 28)
(535.3428099155426, 4)
(535.8930349349976, 5)
(536.4014430046082, 0)
(536.9077110290527, 0)
(537.4230260848999, 0)
(537.9534780979156, 0)
(538.4851660728455, 0)
(539.016802072525, 0)
(539.5613029003143, 9)
(540.0696699619293, 3)
(540.5839219093323, 52)
(541.1006259918213, 46)
(541.6079878807068, 7)
(542.1161708831787, 16)
(542.6535069942474, 9)
(543.1933078765869, 24)
(543.7144060134888, 33)
(544.2599020004272, 29)
(544.7792429924011, 9)
(545.3308420181274, 10)
(545.8431329727173, 6)
(546.3878190517426, 4)
(546.9074199199677, 44)
(547.4420630931854, 45)
(547.9683740139008, 4)
(548.4806880950928, 4)
(549.0266869068146, 5)
(549.5403900146484, 31)
(550.0487160682678, 25)
(550.5931529998779, 2)
(551.12091588974, 3)
(551.6543440818787, 2)
(552.1766369342804, 27)
(552.698723077774, 4)
(553.23060297966, 52)
(553.757649898529, 27)
(554.2876980304718, 41)
(554.8196239471436, 30)
(555.353579044342, 8)
(555.8719120025635, 3)
(556.4007520675659, 2)
(556.9243559837341, 11)
(557.4439749717712, 4)
(557.976804971695, 9)
(558.495176076889, 16)
(559.0214009284973, 17)
(559.5357670783997, 6)
(560.0488018989563, 6)
(560.5855638980865, 11)
(561.1105489730835, 4)
(561.630136013031, 2)
(562.1405429840088, 2)
(562.6548840999603, 2)
(563.1705989837646, 6)
(563.7139999866486, 2)
(564.2296409606934, 25)
(564.7605760097504, 43)
(565.2716178894043, 3)
(565.7967638969421, 1)
(566.3165230751038, 0)
(566.8617119789124, 0)
(567.3795890808105, 9)
(567.9116089344025, 18)
(568.4293069839478, 6)
(568.9519050121307, 30)
(569.4795100688934, 117)
(570.0175700187683, 45)
(570.5471038818359, 8)
(571.0696098804474, 26)
(571.5854659080505, 21)
(572.1114339828491, 34)
(572.6212389469147, 47)
(573.154972076416, 11)
(573.6823608875275, 3)
(574.2033429145813, 8)
(574.7436919212341, 2)
(575.2579400539398, 8)
(575.7984418869019, 11)
(576.3238980770111, 5)
(576.836128950119, 11)
(577.3437259197235, 6)
(577.8560009002686, 46)
(578.3897669315338, 49)
(578.9046049118042, 12)
(579.4226660728455, 13)
(579.9497668743134, 8)
(580.4784910678864, 18)
(580.9919240474701, 29)
(581.5206968784332, 45)
(582.0461900234222, 4)
(582.5672659873962, 12)
(583.0959670543671, 5)
(583.6170039176941, 2)
(584.1319239139557, 2)
(584.6499009132385, 11)
(585.1602890491486, 9)
(585.6677138805389, 9)
(586.1844658851624, 11)
(586.7163519859314, 16)
(587.2627980709076, 87)
(587.8010900020599, 40)
(588.3374359607697, 1)
(588.8644080162048, 0)
(589.4026699066162, 0)
(589.9218900203705, 0)
(590.4356310367584, 0)
(590.9517409801483, 0)
(591.4722409248352, 8)
(591.9875829219818, 2)
(592.5124700069427, 2)
(593.0531740188599, 2)
(593.5718629360199, 2)
(594.1105699539185, 24)
(594.631227016449, 4)
(595.1738500595093, 4)
(595.6925399303436, 4)
(596.2092499732971, 10)
(596.7437469959259, 4)
(597.2743570804596, 42)
(597.8030579090118, 27)
(598.3182029724121, 2)
(598.8409950733185, 1)
(599.3579208850861, 0)
(599.8767569065094, 3)
(600.4242880344391, 43)
(600.9449510574341, 19)
(601.4780530929565, 0)
(601.9931828975677, 6)
(602.5282430648804, 2)
(603.0595290660858, 9)
(603.6017940044403, 4)
(604.1295359134674, 5)
(604.6446659564972, 2)
(605.1742670536041, 2)
(605.6930060386658, 15)
(606.2117989063263, 48)
(606.7377400398254, 12)
(607.2691819667816, 2)
(607.8311750888824, 6)
(608.3607668876648, 5)
(608.8795199394226, 2)
(609.4036591053009, 6)
(609.9332740306854, 43)
(610.4555959701538, 25)
(610.9810419082642, 19)
(611.5123069286346, 6)
(612.0407090187073, 16)
(612.5855119228363, 45)
(613.1082780361176, 7)
(613.635801076889, 4)
(614.1515350341797, 35)
(614.6767098903656, 4)
(615.1964569091797, 26)
(615.7343440055847, 27)
(616.2579879760742, 9)
(616.7776410579681, 7)
(617.301295042038, 6)
(617.8248620033264, 5)
(618.3445489406586, 1)
(618.8701889514923, 0)
(619.3914868831635, 11)
(619.9343419075012, 2)
(620.4599568843842, 2)
(621.0133819580078, 2)
(621.5290410518646, 2)
(622.0665919780731, 0)
(622.5866389274597, 7)
(623.1138288974762, 9)
(623.6454479694366, 9)
(624.1554479598999, 13)
(624.6828980445862, 22)
(625.2122759819031, 54)
(625.7584879398346, 33)
(626.2935960292816, 8)
(626.8170609474182, 6)
(627.354140996933, 11)
