(0, 0)
(0.5004870891571045, 7)
(1.0254180431365967, 46)
(1.54813814163208, 48)
(2.066352128982544, 9)
(2.590096950531006, 8)
(3.108670949935913, 7)
(3.6279780864715576, 26)
(4.153341054916382, 2)
(4.68690299987793, 2)
(5.209213972091675, 2)
(5.737142086029053, 2)
(6.263796091079712, 0)
(6.785499095916748, 10)
(7.2985100746154785, 14)
(7.826333045959473, 47)
(8.350589990615845, 53)
(8.870545148849487, 45)
(9.390529155731201, 29)
(9.911962985992432, 48)
(10.433730125427246, 89)
(10.959725141525269, 83)
(11.48638916015625, 10)
(12.008137941360474, 8)
(12.547528982162476, 13)
(13.090291023254395, 14)
(13.648555994033813, 4)
(14.191408157348633, 27)
(14.707540035247803, 6)
(15.229899168014526, 18)
(15.745985984802246, 26)
(16.266837120056152, 11)
(16.80972409248352, 6)
(17.330296993255615, 6)
(17.851354122161865, 4)
(18.400017023086548, 37)
(18.925615072250366, 43)
(19.447925090789795, 48)
(19.97160315513611, 97)
(20.494075059890747, 124)
(21.01607894897461, 111)
(21.542457103729248, 41)
(22.061047077178955, 48)
(22.5765221118927, 56)
(23.098201990127563, 34)
(23.615936040878296, 7)
(24.136325120925903, 4)
(24.66319513320923, 5)
(25.182233095169067, 3)
(25.69855308532715, 7)
(26.21892809867859, 25)
(26.73989200592041, 52)
(27.26424813270569, 57)
(27.78840398788452, 51)
(28.306981086730957, 49)
(28.83150815963745, 45)
(29.347886085510254, 71)
(29.866851091384888, 82)
(30.391208171844482, 82)
(30.91154909133911, 97)
(31.432260036468506, 107)
(31.952250957489014, 83)
(32.47394394874573, 74)
(32.98941516876221, 96)
(33.50736403465271, 96)
(34.03152298927307, 87)
(34.54876899719238, 52)
(35.06608700752258, 50)
(35.59042501449585, 46)
(36.11802005767822, 33)
(36.63300108909607, 7)
(37.146815061569214, 17)
(37.66455602645874, 9)
(38.18841099739075, 8)
(38.70449900627136, 4)
(39.24143600463867, 10)
(39.76455116271973, 2)
(40.29682016372681, 12)
(40.821073055267334, 5)
(41.34645700454712, 4)
(41.87762999534607, 2)
(42.39838194847107, 9)
(42.92008996009827, 6)
(43.44193506240845, 3)
(43.96853709220886, 2)
(44.486937046051025, 2)
(45.0099561214447, 1)
(45.53256797790527, 0)
(46.05844712257385, 0)
(46.59118294715881, 0)
(47.11230206489563, 0)
(47.631471157073975, 0)
(48.152361154556274, 0)
(48.67492914199829, 23)
(49.20177912712097, 4)
(49.71995210647583, 13)
(50.24139714241028, 46)
(50.768639087677, 8)
(51.28911209106445, 5)
(51.81218600273132, 20)
(52.33686304092407, 46)
(52.85634207725525, 61)
(53.38118314743042, 87)
(53.902348041534424, 89)
(54.43670916557312, 77)
(54.97261309623718, 51)
(55.500149965286255, 47)
(56.02009105682373, 49)
(56.54519295692444, 46)
(57.08129000663757, 6)
(57.60542011260986, 29)
(58.128817081451416, 32)
(58.65529203414917, 84)
(59.17582607269287, 51)
(59.685949087142944, 48)
(60.20693016052246, 46)
(60.725181102752686, 69)
(61.245458126068115, 84)
(61.77469515800476, 82)
(62.293859004974365, 45)
(62.82090902328491, 13)
(63.33538603782654, 4)
(63.86006498336792, 9)
(64.37744903564453, 27)
(64.89490795135498, 44)
(65.41671109199524, 69)
(65.93988800048828, 82)
(66.46608996391296, 34)
(66.9892590045929, 11)
(67.51043200492859, 10)
(68.03154516220093, 9)
(68.55875897407532, 4)
(69.09403705596924, 0)
(69.61223602294922, 0)
(70.13333702087402, 5)
(70.65737700462341, 2)
(71.18569993972778, 9)
(71.70868015289307, 4)
(72.22649693489075, 13)
(72.74193000793457, 23)
(73.25589609146118, 11)
(73.77269911766052, 13)
(74.298171043396, 10)
(74.82214999198914, 16)
(75.3404369354248, 39)
(75.84865713119507, 12)
(76.37120795249939, 6)
(76.89019393920898, 44)
(77.39805793762207, 44)
(77.92974305152893, 50)
(78.44735217094421, 10)
(78.9689691066742, 4)
(79.48860311508179, 4)
(80.00827503204346, 18)
(80.52192902565002, 40)
(81.04329800605774, 52)
(81.57137393951416, 38)
(82.09723210334778, 33)
(82.66613698005676, 47)
(83.19959902763367, 61)
(83.72058701515198, 83)
(84.24731016159058, 58)
(84.7679979801178, 97)
(85.2802939414978, 86)
(85.80981206893921, 68)
(86.32615804672241, 48)
(86.84263896942139, 53)
(87.35566401481628, 47)
(87.8730821609497, 72)
(88.38520407676697, 127)
(88.90202307701111, 173)
(89.44107413291931, 158)
(89.9714879989624, 122)
(90.49070811271667, 126)
(90.99918699264526, 53)
(91.52549409866333, 19)
(92.03441500663757, 9)
(92.5817141532898, 10)
(93.1096739768982, 6)
(93.62389016151428, 12)
(94.15235805511475, 10)
(94.67470598220825, 6)
(95.18990015983582, 6)
(95.71868515014648, 4)
(96.23626399040222, 2)
(96.7598249912262, 9)
(97.2804000377655, 2)
(97.80714011192322, 2)
(98.32900500297546, 14)
(98.85120296478271, 4)
(99.3922929763794, 14)
(99.90988612174988, 5)
(100.42894196510315, 4)
(100.94951915740967, 13)
(101.4716169834137, 39)
(101.99366617202759, 10)
(102.51271295547485, 5)
(103.05394315719604, 5)
(103.58515810966492, 52)
(104.11290216445923, 62)
(104.62793397903442, 46)
(105.15193915367126, 48)
(105.67593312263489, 63)
(106.1952919960022, 95)
(106.7213830947876, 93)
(107.23119497299194, 109)
(107.7393729686737, 132)
(108.28024411201477, 105)
(108.79361915588379, 86)
(109.32188510894775, 93)
(109.84529399871826, 86)
(110.37063097953796, 129)
(110.89779615402222, 141)
(111.43743014335632, 150)
(111.95773005485535, 148)
(112.4819450378418, 141)
(112.99539303779602, 180)
(113.51259899139404, 109)
(114.02455496788025, 88)
(114.54880595207214, 83)
(115.06665110588074, 138)
(115.59564113616943, 167)
(116.10602903366089, 176)
(116.6261031627655, 144)
(117.14554905891418, 99)
(117.65983200073242, 149)
(118.19667506217957, 161)
(118.71348309516907, 92)
(119.25430011749268, 275)
(119.76225209236145, 195)
(120.29039716720581, 239)
(120.82600116729736, 333)
(121.3375780582428, 355)
(121.86855506896973, 157)
(122.38274002075195, 206)
(122.92192912101746, 217)
(123.43421411514282, 131)
(123.95369911193848, 130)
(124.4799530506134, 88)
(124.99633812904358, 75)
(125.52173113822937, 88)
(126.04708409309387, 116)
(126.57853507995605, 86)
(127.09589195251465, 86)
(127.61824297904968, 81)
(128.1456379890442, 87)
(128.67566204071045, 99)
(129.20652604103088, 119)
(129.73890805244446, 138)
(130.25997614860535, 104)
(130.7976779937744, 119)
(131.3161380290985, 91)
(131.8555600643158, 71)
(132.3759000301361, 50)
(132.90831208229065, 46)
(133.42334914207458, 116)
(133.98355913162231, 149)
(134.50112795829773, 167)
(135.01974415779114, 151)
(135.55171513557434, 164)
(136.06333899497986, 130)
(136.59571194648743, 129)
(137.117604970932, 88)
(137.6345410346985, 88)
(138.1558289527893, 85)
(138.67295002937317, 75)
(139.19532012939453, 84)
(139.70982003211975, 94)
(140.2364821434021, 102)
(140.75345015525818, 84)
(141.27896094322205, 82)
(141.79585003852844, 66)
(142.32707595825195, 88)
(142.85688400268555, 82)
(143.3723440170288, 91)
(143.89642715454102, 83)
(144.41343593597412, 91)
(144.94761610031128, 57)
(145.468652009964, 48)
(145.9916570186615, 63)
(146.51321816444397, 48)
(147.03751707077026, 45)
(147.55657815933228, 42)
(148.07305216789246, 60)
(148.6102111339569, 65)
(149.12551403045654, 51)
(149.64271116256714, 49)
(150.1796350479126, 44)
(150.69908905029297, 48)
(151.23493599891663, 43)
(151.75354599952698, 41)
(152.27689814567566, 41)
(152.79280614852905, 41)
(153.31384897232056, 40)
(153.83193397521973, 41)
(154.36197996139526, 52)
(154.86981511116028, 49)
(155.3926510810852, 47)
(155.91770815849304, 44)
(156.44456696510315, 46)
(156.9819540977478, 43)
(157.50189995765686, 42)
(158.0179581642151, 45)
(158.54005408287048, 44)
(159.06038308143616, 42)
(159.58423614501953, 54)
(160.15126013755798, 90)
(160.6992471218109, 101)
(161.2152121067047, 122)
(161.73639798164368, 83)
(162.2576551437378, 97)
(162.7890031337738, 87)
(163.30999302864075, 93)
(163.82019114494324, 88)
(164.35994815826416, 64)
(164.89437794685364, 33)
(165.42226600646973, 9)
(165.95516800880432, 13)
(166.47480511665344, 9)
(166.9962649345398, 7)
(167.52074003219604, 9)
(168.03536415100098, 4)
(168.56666612625122, 3)
(169.08628797531128, 2)
(169.6108591556549, 8)
(170.12390804290771, 2)
(170.6484911441803, 2)
(171.16816401481628, 2)
(171.68939113616943, 30)
(172.21070194244385, 45)
(172.73420596122742, 82)
(173.26711916923523, 113)
(173.80468106269836, 91)
(174.31151509284973, 86)
(174.87314105033875, 83)
(175.42943716049194, 49)
(175.9763219356537, 33)
(176.49880003929138, 6)
(177.01865410804749, 46)
(177.5412471294403, 65)
(178.06119108200073, 48)
(178.5759379863739, 7)
(179.12504696846008, 6)
(179.66960096359253, 5)
(180.20965099334717, 3)
(180.73695397377014, 7)
(181.24722695350647, 2)
(181.75969314575195, 8)
(182.28053212165833, 10)
(182.79086709022522, 6)
(183.32223796844482, 24)
(183.84227800369263, 28)
(184.39618396759033, 11)
(184.92911410331726, 8)
(185.44139099121094, 14)
(185.97655510902405, 11)
(186.50289702415466, 3)
(187.02197408676147, 12)
(187.55846095085144, 43)
(188.07617497444153, 47)
(188.65399408340454, 106)
(189.1927330493927, 88)
(189.71163201332092, 79)
(190.26705813407898, 100)
(190.78360104560852, 132)
(191.299644947052, 116)
(191.82023906707764, 145)
(192.35184407234192, 91)
(192.87295007705688, 53)
(193.40519309043884, 50)
(193.95290803909302, 48)
(194.48122096061707, 16)
(195.00284695625305, 5)
(195.52949404716492, 6)
(196.061105966568, 51)
(196.57519102096558, 48)
(197.10967707633972, 44)
(197.64742612838745, 43)
(198.1759650707245, 43)
(198.6988389492035, 76)
(199.2613251209259, 82)
(199.7766981124878, 84)
(200.299134016037, 95)
(200.84697198867798, 133)
(201.41342902183533, 130)
(201.93074011802673, 123)
(202.4520561695099, 93)
(202.9909200668335, 80)
(203.51135110855103, 33)
(204.0605001449585, 8)
(204.597403049469, 28)
(205.14136695861816, 58)
(205.67313814163208, 49)
(206.2066831588745, 69)
(206.73638606071472, 51)
(207.26606607437134, 66)
(207.81276106834412, 72)
(208.35782504081726, 91)
(208.87246704101562, 84)
(209.39226913452148, 55)
(209.90783095359802, 42)
(210.4277400970459, 62)
(210.9616460800171, 47)
(211.4998869895935, 15)
(212.03724098205566, 4)
(212.56422400474548, 4)
(213.09268999099731, 19)
(213.6250569820404, 24)
(214.16762495040894, 48)
(214.69925904273987, 51)
(215.22145795822144, 41)
(215.7472140789032, 62)
(216.2806589603424, 86)
(216.8113989830017, 52)
(217.3583061695099, 60)
(217.89312505722046, 46)
(218.43027305603027, 51)
(218.96154594421387, 62)
(219.51645612716675, 76)
(220.05782008171082, 74)
(220.6017551422119, 11)
(221.13981699943542, 8)
(221.65854907035828, 8)
(222.18388509750366, 5)
(222.70751214027405, 2)
(223.2310860157013, 0)
(223.76427102088928, 28)
(224.322772026062, 51)
(224.83669996261597, 81)
(225.3635311126709, 122)
(225.88233399391174, 111)
(226.39191794395447, 160)
(226.90743207931519, 85)
(227.42944502830505, 65)
(227.94832396507263, 47)
(228.47034001350403, 87)
(228.9977560043335, 91)
(229.5181541442871, 58)
(230.0383870601654, 45)
(230.56386399269104, 46)
(231.07955193519592, 44)
(231.59940910339355, 73)
(232.13019514083862, 90)
(232.65567111968994, 130)
(233.2007851600647, 125)
(233.71066308021545, 100)
(234.24018597602844, 93)
(234.76956510543823, 93)
(235.29208707809448, 49)
(235.8111650943756, 48)
(236.32512497901917, 47)
(236.86049103736877, 47)
(237.3909740447998, 88)
(237.91510796546936, 115)
(238.43330597877502, 116)
(238.97086715698242, 81)
(239.4890570640564, 51)
(240.0190019607544, 47)
(240.53807997703552, 31)
(241.0587170124054, 5)
(241.58408403396606, 3)
(242.09758400917053, 3)
(242.6284999847412, 8)
(243.14911794662476, 2)
(243.67290997505188, 31)
(244.19823503494263, 31)
(244.72043108940125, 17)
(245.2691090106964, 52)
(245.7913031578064, 56)
(246.33834409713745, 48)
(246.8747000694275, 44)
(247.38911509513855, 51)
(247.91571497917175, 47)
(248.45688700675964, 53)
(248.97594809532166, 56)
(249.50127601623535, 57)
(250.02350115776062, 47)
(250.55169415473938, 67)
(251.07927203178406, 23)
(251.61868405342102, 11)
(252.13993501663208, 32)
(252.66382694244385, 24)
(253.1952030658722, 12)
(253.72781205177307, 10)
(254.24757409095764, 7)
(254.76885294914246, 21)
(255.2857961654663, 44)
(255.81276512145996, 15)
(256.3461580276489, 9)
(256.87387013435364, 6)
(257.398558139801, 4)
(257.9069471359253, 4)
(258.42252111434937, 10)
(258.9366891384125, 11)
(259.4706950187683, 4)
(260.0035090446472, 5)
(260.52664709091187, 10)
(261.0488679409027, 36)
(261.5700240135193, 41)
(262.0771770477295, 44)
(262.61308217048645, 43)
(263.13876605033875, 23)
(263.6668629646301, 9)
(264.19610595703125, 4)
(264.7152500152588, 4)
(265.23434615135193, 4)
(265.7399580478668, 2)
(266.2642159461975, 5)
(266.8002419471741, 2)
(267.3299889564514, 77)
(267.85582399368286, 92)
(268.3770830631256, 94)
(268.9189701080322, 52)
(269.4380180835724, 49)
(269.9791970252991, 11)
(270.5090870857239, 8)
(271.02292704582214, 56)
(271.5548369884491, 48)
(272.1069710254669, 20)
(272.6553931236267, 4)
(273.1614179611206, 4)
(273.68483710289, 2)
(274.2472810745239, 3)
(274.907860994339, 55)
(275.7150721549988, 75)
(276.2583031654358, 71)
(276.77208399772644, 107)
(277.28696513175964, 103)
(277.8067829608917, 60)
(278.3389050960541, 49)
(278.8694610595703, 52)
(279.41586112976074, 50)
(279.96381998062134, 50)
(280.54056000709534, 58)
(281.0603790283203, 42)
(281.5848751068115, 43)
(282.11652994155884, 44)
(282.64377999305725, 46)
(283.19264101982117, 62)
(283.75382113456726, 45)
(284.2893431186676, 44)
(284.8268930912018, 18)
(285.36990308761597, 8)
(285.8876509666443, 7)
(286.4179241657257, 15)
(286.970144033432, 7)
(287.5097179412842, 3)
(288.0609841346741, 32)
(288.59111404418945, 90)
(289.2107820510864, 86)
(289.74023604393005, 85)
(290.2723729610443, 64)
(290.800665140152, 43)
(291.33734798431396, 43)
(291.85605216026306, 9)
(292.3876440525055, 20)
(292.92997312545776, 25)
(293.46157908439636, 26)
(293.99611806869507, 21)
(294.519513130188, 29)
(295.03460001945496, 12)
(295.55702805519104, 8)
(296.08842611312866, 8)
(296.6292140483856, 44)
(297.1557800769806, 67)
(297.6720950603485, 127)
(298.1951570510864, 142)
(298.7554221153259, 143)
(299.28247594833374, 133)
(299.810919046402, 130)
(300.343444108963, 126)
(300.87282514572144, 156)
(301.40682911872864, 119)
(301.93446803092957, 120)
(302.45957016944885, 72)
(302.9809241294861, 12)
(303.52486300468445, 12)
(304.0555930137634, 14)
(304.5802550315857, 5)
(305.10273909568787, 3)
(305.6304941177368, 2)
(306.1549389362335, 3)
(306.6750271320343, 5)
(307.1957800388336, 2)
(307.71547412872314, 2)
(308.24016404151917, 2)
(308.7628741264343, 2)
(309.2906050682068, 1)
(309.82469511032104, 17)
(310.3655049800873, 40)
(310.93374013900757, 84)
(311.451632976532, 72)
(311.96767115592957, 18)
(312.56641697883606, 4)
(313.0992360115051, 4)
(313.617516040802, 5)
(314.1416289806366, 2)
(314.65837717056274, 0)
(315.1728570461273, 0)
(315.685604095459, 7)
(316.1998679637909, 2)
(316.7124330997467, 31)
(317.248486995697, 107)
(318.06742310523987, 20)
(318.6026690006256, 14)
(319.1323399543762, 12)
(319.6585669517517, 10)
(320.18313097953796, 12)
(320.71624302864075, 4)
(321.2581031322479, 3)
(321.78484296798706, 2)
(322.3157000541687, 2)
(322.8572461605072, 0)
(323.4336850643158, 0)
(324.00232100486755, 0)
(324.54913115501404, 0)
(325.08814215660095, 6)
(325.614618062973, 36)
(326.12447214126587, 90)
(326.6458809375763, 95)
(327.1707570552826, 66)
(327.6796290874481, 7)
(328.1961941719055, 6)
(328.7243609428406, 27)
(329.2452321052551, 45)
(329.77195405960083, 43)
(330.30864906311035, 30)
(330.8383231163025, 2)
(331.36010694503784, 11)
(331.8857491016388, 15)
(332.404443025589, 47)
(332.94340801239014, 52)
(333.47863602638245, 24)
(334.0195369720459, 5)
(334.55126905441284, 3)
(335.10124707221985, 49)
(335.6980609893799, 42)
(336.30994296073914, 67)
(336.9611830711365, 59)
(337.615846157074, 171)
(338.15831208229065, 8)
(338.6796109676361, 7)
(339.2035620212555, 47)
(339.7352330684662, 41)
(340.2575161457062, 51)
(340.7939910888672, 59)
(341.312047958374, 55)
(341.889132976532, 52)
(342.4366080760956, 29)
(342.9649770259857, 7)
(343.5155129432678, 2)
(344.04792404174805, 11)
(344.56877398490906, 35)
(345.1114499568939, 64)
(345.6536431312561, 50)
(346.20374298095703, 141)
(346.7495150566101, 96)
(347.29921317100525, 49)
(347.8500850200653, 111)
(348.4584381580353, 48)
(348.9914000034332, 46)
(349.53291416168213, 49)
(350.07844614982605, 51)
(350.601035118103, 49)
(351.1326880455017, 98)
(351.68086409568787, 131)
(352.2135031223297, 131)
(352.75527596473694, 108)
(353.2876191139221, 60)
(353.8305571079254, 50)
(354.3580160140991, 56)
(354.89613103866577, 49)
(355.4229190349579, 12)
(355.9626841545105, 7)
(356.4841799736023, 7)
(357.03411507606506, 17)
(357.56768798828125, 8)
(358.1048049926758, 44)
(358.6705131530762, 85)
(359.1962490081787, 55)
(359.7474901676178, 49)
(360.2797520160675, 43)
(360.80090594291687, 42)
(361.352401971817, 52)
(361.8836181163788, 44)
(362.41558599472046, 58)
(362.99975299835205, 83)
(363.52102494239807, 79)
(364.057559967041, 88)
(364.5865521430969, 79)
(365.16015815734863, 59)
(365.6853201389313, 69)
(366.2302851676941, 72)
(366.77440214157104, 62)
(367.3826050758362, 49)
(367.9069321155548, 124)
(368.42406606674194, 103)
(368.9427399635315, 153)
(369.4784400463104, 123)
(369.99913001060486, 139)
(370.5208361148834, 110)
(371.1046280860901, 80)
(371.62371301651, 34)
(372.2028830051422, 14)
(372.7358479499817, 24)
(373.2773051261902, 27)
(373.8032720088959, 5)
(374.32907795906067, 21)
(374.87379002571106, 24)
(375.3991320133209, 15)
(375.92423915863037, 9)
(376.47663712501526, 9)
(377.0101990699768, 4)
(377.5389699935913, 14)
(378.08132910728455, 3)
(378.6332621574402, 2)
(379.1580410003662, 2)
(379.6877579689026, 9)
(380.19979596138, 38)
(380.7161099910736, 45)
(381.23180508613586, 95)
(381.7517430782318, 124)
(382.3446650505066, 84)
(382.87687611579895, 162)
(383.3906321525574, 150)
(383.90441608428955, 87)
(384.4429221153259, 80)
(384.97905015945435, 57)
(385.5028920173645, 50)
(386.02412605285645, 53)
(386.5518090724945, 37)
(387.0785460472107, 7)
(387.60430908203125, 24)
(388.15680408477783, 31)
(388.6767270565033, 101)
(389.1968021392822, 121)
(389.7155261039734, 109)
(390.26787996292114, 105)
(390.78324699401855, 53)
(391.3075189590454, 69)
(391.83679604530334, 59)
(392.34853410720825, 11)
(392.8764650821686, 7)
(393.3966829776764, 9)
(393.931764125824, 10)
(394.47709012031555, 4)
(395.008780002594, 27)
(395.5334060192108, 6)
(396.0605421066284, 5)
(396.60469102859497, 5)
(397.1517069339752, 10)
(397.68853402137756, 3)
(398.22487115859985, 2)
(398.77011704444885, 2)
(399.3005380630493, 2)
(399.85440707206726, 0)
(400.4802761077881, 5)
(401.05603194236755, 2)
(401.5780210494995, 2)
(402.0958299636841, 2)
(402.6138949394226, 2)
(403.1415319442749, 1)
(403.67967414855957, 0)
(404.20822501182556, 0)
(404.72886204719543, 7)
(405.2559139728546, 2)
(405.78809213638306, 2)
(406.30814504623413, 2)
(406.8402819633484, 7)
(407.3946681022644, 9)
(407.9446029663086, 5)
(408.46358013153076, 3)
(409.0478980541229, 40)
(409.5744740962982, 39)
(410.1267559528351, 61)
(410.6473250389099, 28)
(411.1711850166321, 13)
(411.696053981781, 10)
(412.21076011657715, 7)
(412.76136803627014, 2)
(413.29077196121216, 0)
(413.8214600086212, 0)
(414.34041810035706, 0)
(414.8646900653839, 15)
(415.38365411758423, 8)
(415.90435814857483, 50)
(416.4283390045166, 49)
(416.95455408096313, 64)
(417.4840819835663, 7)
(418.0222079753876, 6)
(418.53248715400696, 15)
(419.05143213272095, 9)
(419.5672891139984, 13)
(420.09429717063904, 6)
(420.61285614967346, 6)
(421.1336190700531, 2)
(421.6630640029907, 2)
(422.17310905456543, 11)
(422.71171712875366, 2)
(423.36634516716003, 44)
(423.8964891433716, 6)
(424.4171359539032, 4)
(424.9412341117859, 11)
(425.4595639705658, 7)
(426.02504897117615, 7)
(426.54458808898926, 4)
(427.07620906829834, 12)
(427.6128251552582, 45)
(428.1310920715332, 27)
(428.6477839946747, 25)
(429.1760981082916, 39)
(429.6960210800171, 53)
(430.21099495887756, 50)
(430.7242970466614, 45)
(431.24097514152527, 42)
(431.76666593551636, 39)
(432.27949810028076, 39)
(432.79363203048706, 9)
(433.32089495658875, 4)
(433.84975600242615, 49)
(434.38987493515015, 63)
(434.90801095962524, 53)
(435.4314329624176, 8)
(435.96394395828247, 9)
(436.48809909820557, 14)
(437.0073230266571, 29)
(437.53161001205444, 43)
(438.04004311561584, 44)
(438.5639679431915, 43)
(439.1464021205902, 14)
(439.73454093933105, 9)
(440.28021812438965, 19)
(440.8531720638275, 6)
(441.3915159702301, 6)
(441.9126479625702, 4)
(442.4431149959564, 21)
(442.9734089374542, 11)
(443.6392819881439, 9)
(444.54783606529236, 8)
(445.07991194725037, 3)
(445.6121389865875, 14)
(446.12923097610474, 2)
(446.6506130695343, 2)
(447.1711549758911, 2)
(447.70486307144165, 10)
(448.22347116470337, 32)
(448.7442591190338, 42)
(449.25378799438477, 24)
(449.7732059955597, 5)
(450.2871780395508, 2)
(450.81623005867004, 2)
(451.3486521244049, 2)
(451.86770701408386, 0)
(452.3950800895691, 10)
(452.91222500801086, 8)
(453.4266619682312, 44)
(453.98239398002625, 102)
(454.54486298561096, 143)
(455.0726990699768, 136)
(455.6164309978485, 104)
(456.1616020202637, 95)
(456.68889808654785, 83)
(457.21864914894104, 87)
(457.7516260147095, 51)
(458.40529799461365, 73)
(458.9237389564514, 103)
(459.4436089992523, 88)
(459.9556701183319, 85)
(460.4731559753418, 61)
(460.99412202835083, 22)
(461.514132976532, 11)
(462.0278069972992, 16)
(462.56399607658386, 51)
(463.097421169281, 52)
(463.63310194015503, 49)
(464.1595871448517, 46)
(464.70851016044617, 43)
(465.2838809490204, 59)
(465.98686599731445, 52)
(466.5115430355072, 28)
(467.0409400463104, 96)
(467.58015394210815, 83)
(468.17239594459534, 5)
(468.7214651107788, 3)
(469.3006200790405, 2)
(469.8262801170349, 43)
(470.3920421600342, 44)
(470.947585105896, 59)
(471.47057914733887, 45)
(471.992280960083, 71)
(472.52829003334045, 95)
(473.0361261367798, 87)
(473.549320936203, 52)
(474.0674569606781, 22)
(474.58749413490295, 11)
(475.1058659553528, 11)
(475.63057112693787, 47)
(476.15512704849243, 55)
(476.69528794288635, 62)
(477.21205615997314, 21)
(477.72868514060974, 28)
(478.24532294273376, 10)
(478.7923700809479, 15)
(479.32974100112915, 7)
(479.871080160141, 5)
(480.4082520008087, 2)
(480.93916296958923, 38)
(481.4636809825897, 42)
(481.972421169281, 43)
(482.4916009902954, 43)
(483.03105211257935, 43)
(483.561861038208, 50)
(484.0939259529114, 53)
(484.6344060897827, 106)
(485.15287494659424, 64)
(485.94487714767456, 108)
(486.47797203063965, 160)
(486.99967312812805, 93)
(487.54218196868896, 55)
(488.082759141922, 23)
(488.66122794151306, 20)
(489.28724193573, 8)
(489.8277680873871, 23)
(490.3523769378662, 42)
(490.90383195877075, 51)
(491.4452910423279, 74)
(491.9899549484253, 109)
(492.5393080711365, 93)
(493.0702199935913, 74)
(493.61420011520386, 112)
(494.15061807632446, 102)
(494.68083000183105, 89)
(495.2040100097656, 86)
(495.7327320575714, 97)
(496.26573610305786, 93)
(496.77904295921326, 78)
(497.29166412353516, 9)
(497.8177571296692, 41)
(498.32818603515625, 57)
(498.8478169441223, 63)
(499.36152815818787, 37)
(499.89339995384216, 28)
(500.4123160839081, 55)
(500.9513580799103, 54)
(501.4645040035248, 36)
(501.9782569408417, 9)
(502.5086259841919, 43)
(503.0230860710144, 83)
(503.53762698173523, 92)
(504.0671491622925, 84)
(504.5994031429291, 85)
(505.1261899471283, 88)
(505.6489930152893, 93)
(506.1682770252228, 51)
(506.6889021396637, 63)
(507.21840715408325, 84)
(507.73905897140503, 86)
(508.29341101646423, 90)
(508.81151604652405, 81)
(509.32644295692444, 81)
(509.84070897102356, 88)
(510.35741901397705, 93)
(510.87918305397034, 89)
(511.41844606399536, 80)
(511.9435839653015, 153)
(512.4727289676666, 149)
(513.0344920158386, 142)
(513.5872051715851, 138)
(514.1397819519043, 113)
(514.6854341030121, 101)
(515.2058479785919, 98)
(515.7399640083313, 91)
(516.2769000530243, 134)
(516.8176641464233, 178)
(517.3419849872589, 72)
(517.9449760913849, 200)
(518.4600620269775, 179)
(518.9685790538788, 167)
(519.5014760494232, 91)
(520.0304219722748, 93)
(520.5484161376953, 88)
(521.0555951595306, 67)
(521.5772800445557, 46)
(522.1029651165009, 45)
(522.6272320747375, 44)
(523.147588968277, 48)
(523.6782779693604, 64)
(524.2024481296539, 84)
(524.7200660705566, 50)
(525.2262151241302, 52)
(525.7409710884094, 55)
(526.2550849914551, 43)
(526.7694051265717, 15)
(527.2851469516754, 46)
(527.811546087265, 44)
(528.3366410732269, 16)
(528.8761041164398, 7)
(529.3994460105896, 67)
(529.92649102211, 77)
(530.4539151191711, 32)
(530.9708740711212, 9)
(531.485456943512, 6)
(532.0037310123444, 7)
(532.5492839813232, 64)
(533.107488155365, 107)
(533.6240000724792, 121)
(534.1498310565948, 149)
(534.6769189834595, 102)
(535.2044999599457, 51)
(535.727648973465, 51)
(536.2480461597443, 48)
(536.7753801345825, 31)
(537.2817480564117, 39)
(537.8207199573517, 43)
(538.3319840431213, 43)
(538.8698120117188, 44)
(539.3833310604095, 41)
(539.9002561569214, 51)
(540.4424209594727, 80)
(540.978147983551, 98)
(541.5119550228119, 91)
(542.0327041149139, 94)
(542.5621650218964, 69)
(543.0866260528564, 51)
(543.6092610359192, 80)
(544.1315050125122, 71)
(544.6517691612244, 14)
(545.1778249740601, 10)
(545.6993820667267, 18)
(546.2192471027374, 8)
(546.7609360218048, 23)
(547.2951800823212, 57)
(547.8195741176605, 47)
(548.3424451351166, 27)
(548.8652780056, 6)
(549.3940601348877, 21)
(549.9154269695282, 49)
(550.4470789432526, 46)
(550.9815881252289, 43)
(551.5189640522003, 43)
(552.0359311103821, 67)
(552.5661771297455, 46)
(553.1064519882202, 73)
(553.6249749660492, 86)
(554.1445500850677, 118)
(554.6723599433899, 88)
(555.1921911239624, 73)
(555.7155849933624, 54)
(556.2607500553131, 48)
(556.7987110614777, 21)
(557.3373639583588, 10)
(557.8550510406494, 10)
(558.3839020729065, 18)
(558.9157710075378, 18)
(559.4355101585388, 6)
(559.9705951213837, 11)
(560.4860610961914, 9)
(561.0230569839478, 9)
(561.5626139640808, 6)
(562.0945889949799, 4)
(562.6351881027222, 3)
(563.159234046936, 16)
(563.692008972168, 44)
(564.2146439552307, 60)
(564.7288589477539, 51)
(565.252788066864, 45)
(565.7911810874939, 44)
(566.3120009899139, 32)
(566.8392021656036, 3)
(567.3584990501404, 8)
(567.8840110301971, 22)
(568.409656047821, 10)
(568.936784029007, 26)
(569.4672510623932, 97)
(569.9911570549011, 112)
(570.5045990943909, 99)
(571.0194010734558, 83)
(571.5494050979614, 66)
(572.0822229385376, 78)
(572.6126821041107, 91)
(573.1522369384766, 93)
(573.7002389431, 90)
(574.2316451072693, 89)
(574.7573940753937, 81)
(575.2640841007233, 90)
(575.8050220012665, 73)
(576.3391361236572, 33)
(576.881530046463, 16)
(577.4047720432281, 16)
(577.9657349586487, 52)
(578.4979729652405, 63)
(579.0071640014648, 56)
(579.539822101593, 55)
(580.065672159195, 50)
(580.5882179737091, 58)
(581.1072051525116, 73)
(581.6185441017151, 85)
(582.1389050483704, 73)
(582.6614589691162, 56)
(583.1839461326599, 47)
(583.723473072052, 46)
(584.2617199420929, 46)
(584.8152811527252, 59)
(585.3413360118866, 47)
(585.8927929401398, 44)
(586.4225950241089, 8)
(586.9651370048523, 45)
(587.4736680984497, 90)
(588.006334066391, 84)
(588.5241401195526, 74)
(589.0585720539093, 44)
(589.5931651592255, 44)
(590.1310529708862, 44)
(590.6662631034851, 45)
(591.2091209888458, 48)
(591.7312581539154, 43)
(592.255068063736, 44)
(592.7871510982513, 32)
(593.3043990135193, 4)
(593.8424291610718, 3)
(594.3780200481415, 28)
(594.9035141468048, 6)
(595.4239909648895, 5)
(595.9427599906921, 4)
(596.463287115097, 11)
(596.9850640296936, 17)
(597.5141770839691, 43)
(598.0380210876465, 43)
(598.5651330947876, 43)
(599.0856430530548, 41)
(599.6043989658356, 41)
(600.1532151699066, 60)
(600.6868920326233, 88)
(601.218964099884, 66)
(601.7380831241608, 43)
(602.2759561538696, 15)
(602.8137791156769, 6)
(603.3268711566925, 13)
(603.8417201042175, 7)
(604.3663070201874, 4)
(604.89093708992, 2)
(605.4255089759827, 2)
(605.9752340316772, 42)
(606.5278220176697, 44)
(607.0572521686554, 44)
(607.5984380245209, 23)
(608.1248359680176, 9)
(608.6519701480865, 5)
(609.1856379508972, 4)
(609.7202191352844, 29)
(610.2530460357666, 42)
(610.7746059894562, 45)
(611.2843971252441, 11)
(611.8288249969482, 14)
(612.3633291721344, 31)
(612.8906860351562, 52)
(613.4245519638062, 47)
(613.951493024826, 21)
(614.4733829498291, 25)
(615.0073220729828, 9)
(615.5377490520477, 39)
(616.0691771507263, 17)
(616.6058461666107, 8)
(617.1458029747009, 6)
(617.6662321090698, 7)
(618.1969411373138, 2)
(618.724513053894, 0)
(619.2488970756531, 10)
(619.7715661525726, 2)
(620.3012330532074, 2)
(620.8150579929352, 2)
(621.3499791622162, 2)
(621.8901610374451, 1)
(622.41454911232, 5)
(622.9494860172272, 10)
(623.4669051170349, 4)
(623.9860019683838, 18)
(624.5276510715485, 20)
(625.0694899559021, 43)
(625.6035730838776, 48)
(626.1088390350342, 48)
(626.6295480728149, 52)
(627.1395649909973, 68)
(627.6601350307465, 96)
(628.1844110488892, 50)
(628.7050430774689, 53)
(629.2264261245728, 10)
(629.7457871437073, 13)
(630.2586209774017, 18)
(630.7780411243439, 16)
(631.2974970340729, 11)
(631.8166999816895, 6)
(632.3393850326538, 39)
(632.8620040416718, 44)
(633.3731760978699, 43)
(633.8909020423889, 15)
(634.408527135849, 2)
(634.9280121326447, 2)
(635.4555940628052, 2)
(635.9749040603638, 18)
