(0, 0)
(0.500770092010498, 7)
(1.0133600234985352, 43)
(1.5243611335754395, 50)
(2.0315840244293213, 8)
(2.5379600524902344, 9)
(3.0464701652526855, 6)
(3.554265022277832, 26)
(4.062004089355469, 3)
(4.56806206703186, 2)
(5.078797101974487, 2)
(5.60117506980896, 2)
(6.140622138977051, 1)
(6.655678987503052, 7)
(7.163778066635132, 17)
(7.6709959506988525, 35)
(8.188148975372314, 53)
(8.71194314956665, 48)
(9.227374076843262, 21)
(9.74693512916565, 49)
(10.279258012771606, 65)
(10.805685997009277, 116)
(11.327163934707642, 15)
(11.851560115814209, 8)
(12.367264986038208, 8)
(12.89125108718872, 18)
(13.410382986068726, 4)
(13.927293062210083, 23)
(14.445385932922363, 10)
(14.961315155029297, 11)
(15.479246139526367, 31)
(15.999022960662842, 11)
(16.510162115097046, 8)
(17.02826499938965, 6)
(17.549953937530518, 5)
(18.076521158218384, 5)
(18.60385799407959, 51)
(19.12934899330139, 43)
(19.647953987121582, 64)
(20.163016080856323, 102)
(20.680367946624756, 52)
(21.193336009979248, 56)
(21.71628499031067, 80)
(22.235680103302002, 81)
(22.758437156677246, 83)
(23.283894062042236, 22)
(23.798609018325806, 5)
(24.315367937088013, 4)
(24.834146976470947, 4)
(25.354822158813477, 2)
(25.875431060791016, 12)
(26.40262007713318, 35)
(26.92018699645996, 59)
(27.434514045715332, 51)
(27.95187997817993, 51)
(28.468472957611084, 48)
(28.997231006622314, 45)
(29.52460503578186, 84)
(30.055973052978516, 82)
(30.574105978012085, 86)
(31.088123083114624, 83)
(31.600494146347046, 80)
(32.115468978881836, 108)
(32.6244261264801, 78)
(33.156018018722534, 92)
(33.68220806121826, 98)
(34.197988986968994, 81)
(34.71484398841858, 53)
(35.227445125579834, 48)
(35.746546030044556, 54)
(36.263407945632935, 15)
(36.786314964294434, 12)
(37.318597078323364, 14)
(37.84948110580444, 9)
(38.36516094207764, 6)
(38.89083814620972, 5)
(39.40521502494812, 8)
(39.91899800300598, 2)
(40.45059514045715, 13)
(40.96184015274048, 4)
(41.47588610649109, 4)
(41.989174127578735, 2)
(42.50235199928284, 13)
(43.01158905029297, 3)
(43.522210121154785, 2)
(44.03471493721008, 2)
(44.55998110771179, 2)
(45.080037117004395, 1)
(45.60185098648071, 0)
(46.1195011138916, 0)
(46.633376121520996, 0)
(47.15721797943115, 0)
(47.6916720867157, 0)
(48.20472502708435, 0)
(48.73278307914734, 23)
(49.26478314399719, 4)
(49.78321599960327, 18)
(50.30945706367493, 42)
(50.83064413070679, 8)
(51.357262134552, 5)
(51.87596297264099, 26)
(52.398192167282104, 44)
(52.91837000846863, 66)
(53.43567395210266, 86)
(53.955528020858765, 83)
(54.48061013221741, 79)
(55.02743601799011, 50)
(55.560975074768066, 49)
(56.07865500450134, 49)
(56.60849213600159, 41)
(57.12623596191406, 5)
(57.64105796813965, 29)
(58.15785598754883, 34)
(58.68089699745178, 86)
(59.201465129852295, 45)
(59.74120306968689, 54)
(60.258641958236694, 46)
(60.77926993370056, 72)
(61.30072999000549, 84)
(61.827991008758545, 80)
(62.33832502365112, 42)
(62.852092027664185, 10)
(63.380311012268066, 4)
(63.90534806251526, 9)
(64.41343307495117, 30)
(64.92119002342224, 44)
(65.43019700050354, 69)
(65.94884610176086, 79)
(66.46645712852478, 34)
(66.98830103874207, 11)
(67.50398898124695, 10)
(68.02766299247742, 9)
(68.55348014831543, 4)
(69.07482695579529, 0)
(69.59425210952759, 0)
(70.11583614349365, 5)
(70.63347911834717, 2)
(71.1560800075531, 9)
(71.67573809623718, 4)
(72.20465207099915, 13)
(72.71607708930969, 23)
(73.23629713058472, 11)
(73.7573390007019, 13)
(74.27941012382507, 8)
(74.79817295074463, 16)
(75.32918810844421, 40)
(75.8469820022583, 13)
(76.36658096313477, 7)
(76.89409399032593, 45)
(77.41924500465393, 47)
(77.96198105812073, 49)
(78.5029809474945, 7)
(79.0295741558075, 5)
(79.55086708068848, 9)
(80.09129905700684, 14)
(80.62309002876282, 50)
(81.17211103439331, 52)
(81.70145297050476, 27)
(82.2368471622467, 39)
(82.74727416038513, 46)
(83.257315158844, 63)
(83.78490614891052, 75)
(84.29909896850586, 69)
(84.82185101509094, 89)
(85.3367850780487, 92)
(85.87214303016663, 64)
(86.39422011375427, 50)
(86.90952897071838, 34)
(87.46358394622803, 26)
(88.01817607879639, 78)
(88.85187816619873, 43)
(89.38845205307007, 18)
(89.956050157547, 38)
(90.47507905960083, 47)
(91.14363193511963, 52)
(91.6599509716034, 104)
(92.1741590499878, 111)
(92.68885898590088, 44)
(93.20928311347961, 5)
(93.72547316551208, 17)
(94.24064302444458, 6)
(94.76024007797241, 6)
(95.2810480594635, 5)
(95.79431104660034, 4)
(96.31444001197815, 8)
(96.83256697654724, 3)
(97.35086703300476, 2)
(97.87034893035889, 2)
(98.38452911376953, 15)
(98.90645098686218, 3)
(99.42874598503113, 14)
(99.95003008842468, 5)
(100.47248005867004, 4)
(101.16136407852173, 24)
(101.72609305381775, 30)
(102.25763297080994, 9)
(102.76750302314758, 4)
(103.29332208633423, 31)
(103.81118106842041, 49)
(104.3567521572113, 58)
(104.8823549747467, 51)
(105.41255497932434, 47)
(105.9206120967865, 61)
(106.4669120311737, 39)
(107.02549195289612, 125)
(107.53265500068665, 183)
(108.06676697731018, 127)
(108.64798998832703, 48)
(109.22672510147095, 95)
(109.84201216697693, 35)
(110.41824412345886, 217)
(110.94708299636841, 130)
(111.46608209609985, 71)
(111.98482203483582, 71)
(112.50145697593689, 48)
(113.01943111419678, 39)
(113.52516293525696, 47)
(114.05096316337585, 80)
(114.57006597518921, 86)
(115.09494614601135, 48)
(115.62767195701599, 44)
(116.14026498794556, 47)
(116.65545105934143, 42)
(117.17058110237122, 52)
(117.70116209983826, 65)
(118.2174220085144, 29)
(118.74288296699524, 146)
(119.2745840549469, 64)
(119.81501412391663, 122)
(120.33918404579163, 237)
(120.86282300949097, 218)
(121.38605093955994, 212)
(121.91965794563293, 123)
(122.44541716575623, 188)
(122.95855498313904, 89)
(123.47135806083679, 86)
(123.98547196388245, 118)
(124.49964499473572, 102)
(125.01171898841858, 83)
(125.52368712425232, 84)
(126.0320930480957, 74)
(126.54500794410706, 59)
(127.05544209480286, 71)
(127.56716513633728, 79)
(128.078271150589, 80)
(128.58745098114014, 111)
(129.09942603111267, 123)
(129.6079239845276, 96)
(130.1221101284027, 75)
(130.63808703422546, 80)
(131.16129899024963, 87)
(131.6747829914093, 79)
(132.18554306030273, 94)
(132.70828700065613, 171)
(133.25117301940918, 164)
(133.7782039642334, 102)
(134.2952959537506, 205)
(134.8221001625061, 233)
(135.35358309745789, 212)
(135.88022994995117, 243)
(136.41106510162354, 240)
(136.93754196166992, 243)
(137.46393394470215, 245)
(137.98660612106323, 148)
(138.5241219997406, 75)
(139.04000210762024, 85)
(139.57124495506287, 84)
(140.0970721244812, 103)
(140.61145997047424, 96)
(141.137845993042, 83)
(141.6561360359192, 66)
(142.18945407867432, 88)
(142.70055294036865, 82)
(143.21214509010315, 87)
(143.73840594291687, 86)
(144.25383615493774, 88)
(144.78345608711243, 66)
(145.30413794517517, 47)
(145.82352495193481, 60)
(146.34773206710815, 50)
(146.86142110824585, 45)
(147.38133597373962, 43)
(147.9021770954132, 47)
(148.42347693443298, 76)
(148.93142199516296, 50)
(149.43990397453308, 47)
(149.9837920665741, 49)
(150.50114798545837, 45)
(151.02991795539856, 44)
(151.54729294776917, 41)
(152.07314896583557, 41)
(152.5967960357666, 41)
(153.11588311195374, 40)
(153.63990116119385, 41)
(154.1623511314392, 53)
(154.6790430545807, 45)
(155.1979501247406, 48)
(155.72663116455078, 46)
(156.2477331161499, 45)
(156.7611870765686, 43)
(157.2802369594574, 42)
(157.79944801330566, 45)
(158.31788206100464, 43)
(158.832839012146, 42)
(159.35458207130432, 43)
(159.8776090145111, 75)
(160.40264415740967, 55)
(160.92394399642944, 78)
(161.4434700012207, 82)
(161.95897006988525, 76)
(162.48109412193298, 82)
(162.9971101284027, 82)
(163.51653504371643, 63)
(164.03467798233032, 74)
(164.55318307876587, 87)
(165.0718560218811, 81)
(165.59191298484802, 60)
(166.10972213745117, 16)
(166.6305091381073, 7)
(167.14821314811707, 8)
(167.66753005981445, 7)
(168.1956570148468, 4)
(168.7159309387207, 2)
(169.23876404762268, 7)
(169.75929498672485, 3)
(170.2764151096344, 2)
(170.7888629436493, 2)
(171.2991681098938, 6)
(171.82091093063354, 42)
(172.33464407920837, 59)
(172.8516490459442, 79)
(173.3717589378357, 81)
(173.89408612251282, 96)
(174.4062340259552, 112)
(174.9199869632721, 67)
(175.44081902503967, 47)
(175.9702091217041, 25)
(176.4863760471344, 6)
(177.00224804878235, 55)
(177.52644205093384, 59)
(178.04677295684814, 45)
(178.56462812423706, 6)
(179.0797519683838, 6)
(179.59524297714233, 5)
(180.1191840171814, 2)
(180.64919209480286, 8)
(181.16741013526917, 2)
(181.682461977005, 9)
(182.202250957489, 9)
(182.72466611862183, 6)
(183.24281001091003, 25)
(183.75737500190735, 24)
(184.27902913093567, 12)
(184.79838514328003, 9)
(185.3194661140442, 12)
(185.84197807312012, 13)
(186.35810112953186, 3)
(186.87374305725098, 7)
(187.3862020969391, 42)
(187.90479493141174, 44)
(188.42474913597107, 86)
(188.94794297218323, 95)
(189.47080898284912, 86)
(189.9873650074005, 73)
(190.51044297218323, 126)
(191.02256298065186, 109)
(191.54629111289978, 87)
(192.05912113189697, 103)
(192.5821840763092, 88)
(193.09738516807556, 93)
(193.6061351299286, 46)
(194.12327098846436, 38)
(194.63801312446594, 7)
(195.15901398658752, 4)
(195.68054699897766, 23)
(196.1928961277008, 54)
(196.71196913719177, 43)
(197.23192501068115, 44)
(197.75411200523376, 43)
(198.27219796180725, 45)
(198.78565406799316, 78)
(199.29434394836426, 81)
(199.82840204238892, 87)
(200.35173916816711, 120)
(200.87860798835754, 124)
(201.40733098983765, 109)
(201.91787910461426, 80)
(202.43572115898132, 83)
(202.95094108581543, 122)
(203.48296999931335, 29)
(203.9904170036316, 6)
(204.51588201522827, 29)
(205.04196405410767, 57)
(205.55860996246338, 46)
(206.0763599872589, 66)
(206.59321093559265, 51)
(207.11125016212463, 66)
(207.63072109222412, 61)
(208.1560890674591, 90)
(208.67888116836548, 85)
(209.19929599761963, 64)
(209.70985507965088, 43)
(210.21736216545105, 54)
(210.7541310787201, 50)
(211.27597093582153, 26)
(211.8027081489563, 5)
(212.31549406051636, 4)
(212.83699893951416, 13)
(213.3595061302185, 17)
(213.88055801391602, 44)
(214.39912915229797, 50)
(214.91423916816711, 37)
(215.44255208969116, 49)
(215.9497151374817, 84)
(216.46859502792358, 63)
(216.97937297821045, 61)
(217.50195598602295, 44)
(218.0189220905304, 45)
(218.54579997062683, 51)
(219.06307196617126, 72)
(219.58331394195557, 71)
(220.11410212516785, 53)
(220.6321041584015, 10)
(221.14705109596252, 8)
(221.66164302825928, 9)
(222.18282294273376, 5)
(222.7074339389801, 0)
(223.2216351032257, 0)
(223.7392439842224, 33)
(224.25393915176392, 49)
(224.76828002929688, 84)
(225.28738594055176, 88)
(225.80462312698364, 50)
(226.32550406455994, 87)
(226.85493993759155, 80)
(227.36901998519897, 83)
(227.88746809959412, 87)
(228.40249013900757, 96)
(228.93343997001648, 50)
(229.54057097434998, 38)
(230.14471793174744, 84)
(230.65245294570923, 34)
(231.16943502426147, 24)
(231.91724610328674, 138)
(232.45139002799988, 33)
(232.98920011520386, 38)
(233.51054501533508, 44)
(234.055979013443, 48)
(234.5692901611328, 51)
(235.0848240852356, 78)
(235.60587096214294, 84)
(236.1195890903473, 72)
(236.63177704811096, 89)
(237.14557695388794, 74)
(237.6583330631256, 67)
(238.17749500274658, 65)
(238.70109796524048, 73)
(239.2141399383545, 58)
(239.72867012023926, 68)
(240.24117016792297, 113)
(240.7543089389801, 24)
(241.2710919380188, 88)
(241.78568601608276, 85)
(242.3712990283966, 78)
(242.89327311515808, 78)
(243.4177050590515, 34)
(243.93944001197815, 43)
(244.4481201171875, 4)
(244.96182703971863, 49)
(245.47154998779297, 50)
(245.98624801635742, 47)
(246.49495005607605, 45)
(247.00369000434875, 44)
(247.5215630531311, 50)
(248.03108406066895, 43)
(248.54180097579956, 52)
(249.05559515953064, 58)
(249.5633020401001, 54)
(250.07693314552307, 46)
(250.59867596626282, 63)
(251.11838293075562, 17)
(251.6380820274353, 19)
(252.15182209014893, 26)
(252.67021298408508, 22)
(253.19524216651917, 11)
(253.71788907051086, 10)
(254.2495880126953, 11)
(254.76334309577942, 24)
(255.27610516548157, 42)
(255.7967710494995, 9)
(256.3204619884491, 9)
(256.8381700515747, 6)
(257.420804977417, 5)
(257.95556712150574, 4)
(258.48525500297546, 10)
(259.010950088501, 11)
(259.53581404685974, 4)
(260.1542489528656, 11)
(260.66749906539917, 15)
(261.1960790157318, 44)
(261.7227749824524, 43)
(262.2532169818878, 44)
(262.78273916244507, 41)
(263.30668902397156, 9)
(263.82415199279785, 4)
(264.3359520435333, 4)
(264.8585629463196, 4)
(265.3791699409485, 3)
(265.90305614471436, 1)
(266.4197521209717, 6)
(266.9404921531677, 19)
(267.46460700035095, 96)
(267.9802429676056, 30)
(268.4942510128021, 83)
(269.00998401641846, 85)
(269.5236599445343, 41)
(270.04238295555115, 5)
(270.5556449890137, 19)
(271.21948504447937, 4)
(271.7399671077728, 88)
(272.27166509628296, 17)
(272.7823760509491, 4)
(273.3030891418457, 4)
(273.81979608535767, 4)
(274.34155011177063, 17)
(274.86917996406555, 73)
(275.39191198349, 93)
(275.9395921230316, 88)
(276.4672911167145, 84)
(277.000972032547, 64)
(277.520800113678, 47)
(278.0425181388855, 53)
(278.5672650337219, 49)
(279.0919420719147, 49)
(279.61261796951294, 48)
(280.14033007621765, 47)
(280.6526961326599, 54)
(281.1895480155945, 44)
(281.69940304756165, 42)
(282.20609498023987, 41)
(282.7156879901886, 53)
(283.2405469417572, 50)
(283.7612431049347, 43)
(284.2789580821991, 36)
(284.7975251674652, 18)
(285.3133590221405, 8)
(285.862832069397, 6)
(286.39697313308716, 15)
(286.92567205429077, 7)
(287.44339895248413, 3)
(287.9663529396057, 30)
(288.5027959346771, 76)
(289.02295899391174, 83)
(289.5459260940552, 82)
(290.0689649581909, 75)
(290.58861112594604, 44)
(291.1103720664978, 42)
(291.6527600288391, 19)
(292.16954016685486, 18)
(292.6904399394989, 23)
(293.2102780342102, 18)
(293.73061299324036, 27)
(294.25428915023804, 30)
(294.7760851383209, 14)
(295.29773211479187, 10)
(295.81291913986206, 8)
(296.33069705963135, 26)
(296.85649704933167, 60)
(297.37009501457214, 104)
(297.9014239311218, 137)
(298.4271640777588, 142)
(298.9612431526184, 133)
(299.49444794654846, 125)
(300.0252821445465, 137)
(300.56367206573486, 85)
(301.09400510787964, 145)
(301.6017620563507, 83)
(302.11897706985474, 56)
(302.6328980922699, 91)
(303.14433908462524, 38)
(303.65912199020386, 9)
(304.1960639953613, 14)
(304.71442699432373, 5)
(305.23463010787964, 2)
(305.75816202163696, 2)
(306.28737115859985, 2)
(306.82295203208923, 6)
(307.35828495025635, 2)
(307.88775515556335, 2)
(308.41997814178467, 2)
(308.950453042984, 2)
(309.4666621685028, 0)
(309.9923851490021, 40)
(310.5211970806122, 57)
(311.05545115470886, 84)
(311.57053995132446, 49)
(312.0848710536957, 4)
(312.6016459465027, 4)
(313.12756395339966, 4)
(313.65616393089294, 4)
(314.1784679889679, 1)
(314.7333331108093, 0)
(315.2463300228119, 0)
(315.76419615745544, 8)
(316.2975420951843, 15)
(316.8197500705719, 43)
(317.34057998657227, 55)
(317.90243005752563, 45)
(318.4183621406555, 9)
(318.94093894958496, 15)
(319.460401058197, 10)
(319.98257994651794, 14)
(320.50795793533325, 5)
(321.0183870792389, 3)
(321.52539801597595, 2)
(322.0350971221924, 2)
(322.5571811199188, 0)
(323.0674159526825, 0)
(323.57791113853455, 0)
(324.0904030799866, 0)
(324.6335530281067, 0)
(325.1617660522461, 10)
(325.67982816696167, 23)
(326.1994631290436, 31)
(326.7303969860077, 56)
(327.2600290775299, 57)
(327.78793001174927, 89)
(328.2998731136322, 9)
(328.82787704467773, 46)
(329.3641929626465, 45)
(329.8974871635437, 41)
(330.4320139884949, 13)
(330.98063111305237, 3)
(331.50369215011597, 16)
(332.01717710494995, 30)
(332.53200101852417, 48)
(333.0481059551239, 46)
(333.5703270435333, 9)
(334.0867340564728, 5)
(334.60088896751404, 5)
(335.1138949394226, 57)
(335.63127613067627, 45)
(336.1425061225891, 50)
(336.6693720817566, 83)
(337.1834909915924, 111)
(337.7123050689697, 49)
(338.23582196235657, 9)
(338.75917410850525, 13)
(339.2830550670624, 56)
(339.79745602607727, 29)
(340.3281309604645, 61)
(340.8506200313568, 58)
(341.3747761249542, 51)
(341.8900740146637, 48)
(342.4134449958801, 24)
(342.9370300769806, 4)
(343.4528269767761, 3)
(343.9720690250397, 12)
(344.4907350540161, 36)
(345.00504302978516, 80)
(345.53044295310974, 86)
(346.0528211593628, 90)
(346.58611512184143, 81)
(347.108402967453, 57)
(347.66228795051575, 102)
(348.19212007522583, 57)
(348.70943808555603, 37)
(349.23029708862305, 52)
(349.7555339336395, 51)
(350.29280400276184, 47)
(350.8210699558258, 75)
(351.33039593696594, 77)
(351.8420901298523, 96)
(352.3553841114044, 69)
(352.8670470714569, 44)
(353.3807940483093, 21)
(354.30627512931824, 32)
(355.27749705314636, 37)
(355.8850209712982, 50)
(356.5796480178833, 84)
(357.1047821044922, 52)
(357.67130303382874, 32)
(358.4795820713043, 66)
(359.0143220424652, 59)
(359.540167093277, 54)
(360.0960500240326, 115)
(360.8569960594177, 67)
(361.39108204841614, 49)
(361.9277901649475, 45)
(362.5353419780731, 68)
(363.07936811447144, 86)
(363.6039869785309, 98)
(364.13432598114014, 84)
(364.6566550731659, 95)
(365.18378710746765, 133)
(365.70167303085327, 96)
(366.220162153244, 71)
(366.7374849319458, 84)
(367.2619571685791, 85)
(367.77793312072754, 82)
(368.3017101287842, 95)
(368.8281841278076, 77)
(369.3489670753479, 103)
(369.8921730518341, 65)
(370.69981813430786, 98)
(371.23589396476746, 114)
(371.7480881214142, 64)
(372.2687211036682, 13)
(372.78860116004944, 24)
(373.30846905708313, 26)
(373.82338309288025, 6)
(374.336697101593, 21)
(374.858234167099, 23)
(375.3838720321655, 12)
(375.90812706947327, 11)
(376.4234240055084, 9)
(376.9577741622925, 6)
(377.4769401550293, 13)
(377.9974100589752, 3)
(378.51822113990784, 2)
(379.0500509738922, 2)
(379.57128715515137, 2)
(380.10040807724, 31)
(380.62034010887146, 41)
(381.1536500453949, 69)
(381.67624616622925, 103)
(382.1963920593262, 97)
(382.7129850387573, 81)
(383.2268240451813, 82)
(383.74012207984924, 82)
(384.26732897758484, 76)
(384.78562211990356, 81)
(385.30628395080566, 66)
(385.82355308532715, 58)
(386.34353399276733, 88)
(386.8599519729614, 72)
(387.3913390636444, 52)
(387.9171390533447, 42)
(388.44794511795044, 78)
(388.96691393852234, 29)
(389.50185799598694, 72)
(390.02539706230164, 88)
(390.5499949455261, 76)
(391.07732701301575, 140)
(391.60201716423035, 79)
(392.1573281288147, 43)
(392.6966700553894, 14)
(393.219181060791, 6)
(393.7416150569916, 14)
(394.2618451118469, 5)
(394.77606105804443, 13)
(395.32104110717773, 18)
(395.83970403671265, 7)
(396.35760402679443, 4)
(396.87399196624756, 4)
(397.3917770385742, 10)
(397.91032314300537, 2)
(398.42672395706177, 2)
(398.94560194015503, 2)
(399.46649408340454, 2)
(399.98528599739075, 0)
(400.5073320865631, 0)
(401.0504710674286, 6)
(401.58319902420044, 3)
(402.11117601394653, 2)
(402.6282711029053, 2)
(403.1440210342407, 1)
(403.6627640724182, 0)
(404.1924650669098, 0)
(404.7106840610504, 3)
(405.2542350292206, 6)
(405.7793171405792, 2)
(406.29131603240967, 2)
(406.8119900226593, 7)
(407.3282401561737, 8)
(407.84552001953125, 4)
(408.3583941459656, 4)
(408.87050104141235, 17)
(409.3926830291748, 48)
(409.926265001297, 52)
(410.4506299495697, 44)
(410.9691369533539, 15)
(411.4872500896454, 11)
(412.00286316871643, 9)
(412.5172960758209, 4)
(413.03665804862976, 1)
(413.5524561405182, 0)
(414.07656598091125, 0)
(414.59726309776306, 0)
(415.1188061237335, 16)
(415.63417410850525, 27)
(416.15966606140137, 45)
(416.68407106399536, 61)
(417.20751214027405, 39)
(417.73023295402527, 6)
(418.2500729560852, 10)
(418.76910495758057, 13)
(419.2980921268463, 8)
(419.81826400756836, 13)
(420.34638714790344, 6)
(420.86463594436646, 5)
(421.4074251651764, 2)
(421.9296600818634, 11)
(422.45482897758484, 2)
(422.98546409606934, 10)
(423.50963497161865, 38)
(424.0292501449585, 4)
(424.55190110206604, 3)
(425.07143902778625, 11)
(425.58728408813477, 5)
(426.1229021549225, 9)
(426.6431291103363, 5)
(427.1736650466919, 11)
(427.712149143219, 45)
(428.23490595817566, 27)
(428.76481199264526, 24)
(429.2940831184387, 43)
(429.8099501132965, 52)
(430.33181500434875, 52)
(430.8493571281433, 45)
(431.37787199020386, 43)
(431.8959741592407, 40)
(432.43272709846497, 35)
(432.9705729484558, 7)
(433.4915421009064, 5)
(434.0117449760437, 61)
(434.53247904777527, 56)
(435.0396659374237, 48)
(435.5562870502472, 8)
(436.0779149532318, 8)
(436.5991439819336, 17)
(437.1280860900879, 31)
(437.646723985672, 43)
(438.1697311401367, 43)
(438.6894609928131, 43)
(439.24046206474304, 10)
(439.77269315719604, 8)
(440.2899739742279, 18)
(440.8172640800476, 7)
(441.3379099369049, 6)
(441.86270904541016, 4)
(442.37553095817566, 19)
(442.8937690258026, 12)
(443.41185307502747, 7)
(443.93493008613586, 6)
(444.45291209220886, 6)
(444.9700131416321, 4)
(445.5080449581146, 12)
(446.0251941680908, 2)
(446.5506730079651, 2)
(447.07888293266296, 2)
(447.6126070022583, 9)
(448.1343891620636, 21)
(448.6558620929718, 42)
(449.1813941001892, 36)
(449.7248389720917, 4)
(450.2500030994415, 3)
(450.75553607940674, 2)
(451.2785530090332, 2)
(451.7980799674988, 1)
(452.3282310962677, 9)
(452.83710408210754, 7)
(453.34881711006165, 23)
(453.8612539768219, 111)
(454.3790280818939, 127)
(454.90630197525024, 102)
(455.41950511932373, 105)
(455.92961597442627, 89)
(456.446848154068, 88)
(456.98093605041504, 92)
(457.51690006256104, 54)
(458.0433759689331, 66)
(458.5704710483551, 63)
(459.08273005485535, 64)
(459.60534501075745, 76)
(460.1182510852814, 84)
(460.63845896720886, 82)
(461.1586561203003, 29)
(461.6775619983673, 17)
(462.196839094162, 19)
(462.7170159816742, 49)
(463.23140716552734, 52)
(463.75017499923706, 45)
(464.2693750858307, 44)
(464.78643798828125, 44)
(465.3095591068268, 86)
(465.83592104911804, 83)
(466.35637402534485, 64)
(466.87757301330566, 41)
(467.3977200984955, 44)
(467.91759300231934, 8)
(468.43512201309204, 4)
(468.95603108406067, 3)
(469.4753701686859, 9)
(470.00022411346436, 43)
(470.5231649875641, 40)
(471.0436780452728, 58)
(471.55827808380127, 46)
(472.0754029750824, 78)
(472.58966994285583, 89)
(473.10668206214905, 88)
(473.6281199455261, 50)
(474.14464712142944, 19)
(474.65699911117554, 10)
(475.1744501590729, 12)
(475.70390605926514, 48)
(476.223256111145, 54)
(476.75083112716675, 61)
(477.2812600135803, 23)
(477.80185294151306, 28)
(478.3311951160431, 8)
(478.85857796669006, 15)
(479.3796441555023, 8)
(479.9158501625061, 4)
(480.4487180709839, 2)
(480.98228216171265, 37)
(481.5027539730072, 42)
(482.01839804649353, 43)
(482.5305881500244, 42)
(483.0476679801941, 42)
(483.5665490627289, 48)
(484.0845060348511, 47)
(484.6110589504242, 112)
(485.14485716819763, 60)
(485.67541909217834, 73)
(486.2069089412689, 80)
(486.72746896743774, 81)
(487.2490029335022, 78)
(487.76704597473145, 52)
(488.28995394706726, 82)
(488.84602999687195, 56)
(489.36645793914795, 21)
(489.8868730068207, 24)
(490.40231800079346, 44)
(490.92772912979126, 50)
(491.4441101551056, 64)
(491.9629809856415, 97)
(492.4765770435333, 94)
(492.99270701408386, 77)
(493.51426696777344, 81)
(494.0386040210724, 81)
(494.5609509944916, 100)
(495.08591508865356, 79)
(495.61204504966736, 131)
(496.13293409347534, 90)
(496.64575600624084, 91)
(497.1690671443939, 27)
(497.67723202705383, 27)
(498.1840879917145, 53)
(498.70645403862, 67)
(499.22761511802673, 47)
(499.7587151527405, 19)
(500.2924950122833, 54)
(500.80797696113586, 53)
(501.32926416397095, 49)
(501.8421120643616, 7)
(502.37141609191895, 35)
(502.8994791507721, 73)
(503.41454696655273, 89)
(503.9398159980774, 93)
(504.4617190361023, 75)
(504.989953994751, 88)
(505.5160779953003, 90)
(506.03902411460876, 70)
(506.55340600013733, 47)
(507.0675210952759, 85)
(507.5933289527893, 85)
(508.11351799964905, 87)
(508.65550112724304, 84)
(509.17731499671936, 81)
(509.69978308677673, 89)
(510.2241110801697, 81)
(510.73537516593933, 84)
(511.2478449344635, 79)
(511.76200914382935, 72)
(512.2773351669312, 84)
(512.7908580303192, 74)
(513.305750131607, 70)
(513.8211920261383, 97)
(514.3350930213928, 80)
(514.8534650802612, 79)
(515.3669829368591, 80)
(515.8799710273743, 80)
(516.3974151611328, 79)
(516.9264950752258, 168)
(517.4495079517365, 80)
(517.9625060558319, 72)
(518.4939360618591, 90)
(519.0158009529114, 57)
(519.5346910953522, 77)
(520.0480251312256, 68)
(520.5784070491791, 68)
(521.1094930171967, 242)
(521.6400520801544, 271)
(522.1520161628723, 82)
(522.6744289398193, 94)
(523.1941449642181, 88)
(523.7166709899902, 82)
(524.2306489944458, 79)
(524.74307513237, 77)
(525.2556641101837, 71)
(525.7716400623322, 61)
(526.2924671173096, 209)
(526.8116140365601, 37)
(527.3343291282654, 45)
(527.8594679832458, 45)
(528.379812002182, 15)
(528.9036049842834, 6)
(529.4171180725098, 64)
(529.9413869380951, 79)
(530.4660379886627, 34)
(530.9836940765381, 9)
(531.5031931400299, 6)
(532.0189139842987, 6)
(532.5327200889587, 53)
(533.0457150936127, 48)
(533.562077999115, 54)
(534.0822851657867, 54)
(534.5968630313873, 53)
(535.1152560710907, 51)
(535.6289391517639, 88)
(536.143651008606, 81)
(536.6556529998779, 93)
(537.1679780483246, 84)
(537.6804699897766, 89)
(538.2001881599426, 84)
(538.7127940654755, 47)
(539.2203390598297, 41)
(539.7463221549988, 50)
(540.2541840076447, 58)
(540.7828271389008, 89)
(541.3033871650696, 97)
(541.8223719596863, 82)
(542.3381340503693, 68)
(542.8570621013641, 73)
(543.3728470802307, 71)
(543.889356136322, 78)
(544.4074010848999, 42)
(544.9231331348419, 11)
(545.4381530284882, 16)
(545.9549119472504, 11)
(546.4863390922546, 7)
(547.0016551017761, 49)
(547.5247659683228, 47)
(548.0432300567627, 46)
(548.5612609386444, 11)
(549.0858099460602, 6)
(549.6059670448303, 34)
(550.1277740001678, 49)
(550.6589970588684, 45)
(551.177787065506, 25)
(551.7452671527863, 65)
(552.2777400016785, 68)
(552.7873589992523, 45)
(553.2957680225372, 79)
(553.8110370635986, 81)
(554.3233630657196, 121)
(554.8396480083466, 83)
(555.3529350757599, 73)
(555.8772640228271, 49)
(556.3874521255493, 43)
(556.9017751216888, 16)
(557.549075126648, 8)
(558.0828990936279, 12)
(558.6012680530548, 18)
(559.1174759864807, 17)
(559.64426612854, 6)
(560.1635119915009, 12)
(560.6836750507355, 11)
(561.2096230983734, 8)
(561.7377631664276, 4)
(562.2700080871582, 4)
(562.8000221252441, 2)
(563.3373391628265, 28)
(563.8874521255493, 23)
(564.4246680736542, 77)
(564.9439511299133, 44)
(565.4664821624756, 43)
(565.9833750724792, 44)
(566.6093370914459, 17)
(567.1268241405487, 3)
(567.6474821567535, 16)
(568.1669149398804, 18)
(568.6892671585083, 8)
(569.3987929821014, 15)
(570.3171241283417, 68)
(570.83145403862, 53)
(571.3661420345306, 82)
(572.0516049861908, 40)
(572.5632481575012, 82)
(573.0762989521027, 85)
(573.5932159423828, 85)
(574.1097600460052, 44)
(574.6302700042725, 51)
(575.146399974823, 44)
(575.6628701686859, 42)
(576.1816811561584, 61)
(576.6939101219177, 75)
(577.2292730808258, 84)
(577.742182970047, 78)
(578.2515771389008, 84)
(578.7642469406128, 84)
(579.2800550460815, 80)
(579.792976140976, 88)
(580.3064520359039, 78)
(580.8197710514069, 53)
(581.338546037674, 58)
(581.8462641239166, 77)
(582.3606171607971, 83)
(582.8854620456696, 72)
(583.4056069850922, 57)
(583.9232110977173, 45)
(584.4373731613159, 44)
(584.9633679389954, 40)
(585.4822700023651, 59)
(586.0012171268463, 47)
(586.5176849365234, 47)
(587.0447690486908, 8)
(587.5552000999451, 30)
(588.0728030204773, 88)
(588.6027121543884, 88)
(589.1361300945282, 83)
(589.6436741352081, 41)
(590.1547350883484, 42)
(590.6728489398956, 43)
(591.1843640804291, 42)
(591.7114491462708, 42)
(592.2375221252441, 49)
(592.7475500106812, 42)
(593.2582290172577, 42)
(593.7700760364532, 8)
(594.3013660907745, 4)
(594.8154771327972, 26)
(595.3296360969543, 6)
(595.8555541038513, 6)
(596.3747341632843, 4)
(596.9291770458221, 10)
(597.4474251270294, 4)
(597.9676129817963, 40)
(598.492712020874, 43)
(599.0079641342163, 42)
(599.5304441452026, 42)
(600.0552091598511, 41)
(600.5733780860901, 40)
(601.0892660617828, 81)
(601.602970123291, 80)
(602.1312489509583, 51)
(602.6423859596252, 34)
(603.1577379703522, 6)
(603.6949360370636, 12)
(604.2093651294708, 8)
(604.7275891304016, 7)
(605.2492110729218, 3)
(605.7633950710297, 2)
(606.3418869972229, 2)
(607.2039680480957, 28)
(607.9156429767609, 97)
(608.4357061386108, 23)
(608.94793009758, 10)
(609.4558560848236, 5)
(609.9640431404114, 4)
(610.477432012558, 25)
(610.9918069839478, 42)
(611.5044860839844, 48)
(612.075441122055, 12)
(612.5862100124359, 11)
(613.1022131443024, 28)
(613.6137039661407, 48)
(614.1229801177979, 46)
(614.6312329769135, 25)
(615.1393809318542, 30)
(615.6473300457001, 4)
(616.1555669307709, 42)
(616.6623859405518, 17)
(617.1699061393738, 8)
(617.6795179843903, 7)
(618.1875109672546, 6)
(618.6951379776001, 4)
(619.2026419639587, 1)
(619.7257490158081, 0)
(620.2401061058044, 11)
(620.7478511333466, 2)
(621.2559640407562, 2)
(621.7629201412201, 2)
(622.2716400623322, 2)
(622.7793979644775, 0)
(623.2895851135254, 6)
(623.8025569915771, 10)
(624.3117301464081, 4)
(624.8219470977783, 18)
(625.3301470279694, 19)
(625.8376669883728, 43)
(626.3511011600494, 40)
(626.8945159912109, 23)
(627.4089541435242, 34)
(627.9200351238251, 64)
(628.4334070682526, 85)
(628.9484620094299, 84)
(629.4627020359039, 82)
(629.9751949310303, 12)
