(0.5019800662994385, 0)
(1.0164339542388916, 0)
(1.537903070449829, 0)
(2.0629160404205322, 0)
(2.586289882659912, 0)
(3.1135599613189697, 0)
(3.6248409748077393, 0)
(4.161401033401489, 0)
(4.691904067993164, 1)
(5.203583002090454, 0)
(5.7359559535980225, 1)
(6.250813961029053, 0)
(6.758616924285889, 0)
(7.2724809646606445, 0)
(7.7881178855896, 1)
(8.321237087249756, 0)
(8.836332082748413, 0)
(9.359041929244995, 0)
(9.881546974182129, 0)
(10.426771879196167, 0)
(10.958436012268066, 1)
(11.498749017715454, 2)
(12.015634059906006, 0)
(12.553217887878418, 1)
(13.065456867218018, 0)
(13.586023092269897, 0)
(14.119005918502808, 0)
(14.646521091461182, 0)
(15.177396059036255, 1)
(15.704699039459229, 0)
(16.23259687423706, 0)
(16.753007888793945, 1)
(17.289021968841553, 0)
(17.809659004211426, 1)
(18.33844304084778, 0)
(18.86040186882019, 1)
(19.379569053649902, 0)
(19.900597095489502, 0)
(20.421165943145752, 0)
(20.947840929031372, 0)
(21.500273942947388, 0)
(22.030436992645264, 0)
(22.548755884170532, 0)
(23.07850408554077, 0)
(23.60891604423523, 0)
(24.132169008255005, 0)
(24.657020092010498, 0)
(25.173755884170532, 0)
(25.686896085739136, 0)
(26.20822286605835, 0)
(26.724474906921387, 0)
(27.258769035339355, 0)
(27.77265191078186, 0)
(28.282538890838623, 0)
(28.8007550239563, 0)
(29.333494901657104, 1)
(29.85101008415222, 1)
(30.383118867874146, 0)
(30.924460887908936, 0)
(31.43945002555847, 1)
(31.973921060562134, 0)
(32.48667907714844, 1)
(33.03426194190979, 1)
(33.54742097854614, 0)
(34.069998025894165, 1)
(34.59714102745056, 0)
(35.13087797164917, 0)
(35.64731502532959, 0)
(36.17735409736633, 1)
(36.69195294380188, 0)
(37.21265888214111, 0)
(37.75054907798767, 0)
(38.275819063186646, 0)
(38.793493032455444, 0)
(39.31537199020386, 0)
(39.85041093826294, 0)
(40.385178089141846, 0)
(40.90908408164978, 0)
(41.42746686935425, 0)
(41.94196105003357, 0)
(42.47259187698364, 0)
(42.981425046920776, 1)
(43.513587951660156, 0)
(44.03072690963745, 0)
(44.55427598953247, 0)
(45.07977890968323, 1)
(45.617493867874146, 0)
(46.137206077575684, 1)
(46.65150809288025, 0)
(47.167173862457275, 1)
(47.68979001045227, 1)
(48.21370601654053, 0)
(48.732346057891846, 0)
(49.25836992263794, 0)
(49.815069913864136, 3)
(50.341383934020996, 0)
(50.86004686355591, 0)
(51.381325006484985, 0)
(51.908730030059814, 0)
(52.41619801521301, 0)
(52.93410897254944, 0)
(53.45175004005432, 0)
(53.97162199020386, 0)
(54.510863065719604, 0)
(55.02939987182617, 0)
(55.54794406890869, 0)
(56.06399202346802, 0)
(56.58128499984741, 0)
(57.093425035476685, 0)
(57.61280107498169, 0)
(58.14993095397949, 1)
(58.68002891540527, 0)
(59.22737503051758, 0)
(59.75246596336365, 1)
(60.29325890541077, 1)
(60.8283748626709, 1)
(61.35724496841431, 0)
(61.87967586517334, 1)
(62.39426398277283, 0)
(62.91498303413391, 1)
(63.421473026275635, 0)
(63.962955951690674, 0)
(64.48467302322388, 0)
(65.00329303741455, 1)
(65.53688597679138, 1)
(66.05207896232605, 0)
(66.56385707855225, 0)
(67.07737398147583, 0)
(67.59622192382812, 0)
(68.10912799835205, 0)
(68.64053201675415, 2)
(69.1524178981781, 1)
(69.66749691963196, 0)
(70.1791820526123, 0)
(70.69402503967285, 2)
(71.21527886390686, 0)
(71.73735094070435, 0)
(72.25902700424194, 0)
(72.7816469669342, 0)
(73.2915608882904, 0)
(73.81147909164429, 0)
(74.33776497840881, 1)
(74.86525988578796, 0)
(75.38008999824524, 1)
(75.90499496459961, 1)
(76.42926096916199, 1)
(76.93737697601318, 2)
(77.46554803848267, 0)
(77.9858729839325, 1)
(78.5038890838623, 0)
(79.02408409118652, 0)
(79.54993987083435, 0)
(80.07663989067078, 1)
(80.60220694541931, 1)
(81.1197738647461, 1)
(81.65673398971558, 0)
(82.17252707481384, 0)
(82.6979410648346, 0)
(83.23175001144409, 0)
(83.74948501586914, 0)
(84.27851986885071, 0)
(84.7930018901825, 0)
(85.32040405273438, 0)
(85.8402578830719, 0)
(86.37851405143738, 0)
(86.90423202514648, 0)
(87.4252200126648, 0)
(87.95741891860962, 0)
(88.48415899276733, 0)
(89.008131980896, 0)
(89.52084493637085, 1)
(90.04722690582275, 1)
(90.5632700920105, 0)
(91.09840393066406, 2)
(91.62239003181458, 0)
(92.1726610660553, 0)
(92.68668103218079, 0)
(93.21808004379272, 0)
(93.7496349811554, 0)
(94.28122806549072, 0)
(94.8448920249939, 0)
(95.40697193145752, 0)
(95.9394018650055, 1)
(96.48294591903687, 0)
(97.00258708000183, 1)
(97.53898000717163, 0)
(98.054279088974, 0)
(98.56853699684143, 0)
(99.08557796478271, 1)
(99.59523105621338, 0)
(100.11957907676697, 0)
(100.63428092002869, 0)
(101.15756893157959, 0)
(101.66949105262756, 0)
(102.18730807304382, 0)
(102.72048902511597, 0)
(103.23826599121094, 0)
(103.77870893478394, 0)
(104.29244303703308, 0)
(104.81832003593445, 1)
(105.34539794921875, 1)
(105.86125898361206, 1)
(106.38610601425171, 0)
(106.89531993865967, 1)
(107.4149239063263, 1)
(107.93071007728577, 1)
(108.45870804786682, 0)
(108.98080706596375, 0)
(109.50173497200012, 0)
(110.03557705879211, 1)
(110.56129193305969, 0)
(111.08969902992249, 1)
(111.62484192848206, 1)
(112.14805006980896, 0)
(112.66798996925354, 2)
(113.18594288825989, 0)
(113.72694706916809, 0)
(114.24433398246765, 0)
(114.77364802360535, 1)
(115.29267191886902, 0)
(115.81552600860596, 0)
(116.33741188049316, 1)
(116.84654808044434, 0)
(117.36834192276001, 0)
(117.89112091064453, 0)
(118.41062808036804, 0)
(118.93313002586365, 0)
(119.46484208106995, 1)
(119.99412107467651, 1)
(120.52858090400696, 1)
(121.04128193855286, 1)
(121.58574509620667, 0)
(122.10751104354858, 0)
(122.62946891784668, 1)
(123.15698504447937, 0)
(123.6988480091095, 0)
(124.22426986694336, 0)
(124.7545850276947, 1)
(125.2732150554657, 0)
(125.79056692123413, 2)
(126.30859804153442, 1)
(126.8320689201355, 0)
(127.34971308708191, 1)
(127.86875486373901, 0)
(128.40977001190186, 0)
(128.9462170600891, 0)
(129.4810619354248, 2)
(129.9951560497284, 0)
(130.5086989402771, 0)
(131.01697087287903, 0)
(131.5451979637146, 0)
(132.06793093681335, 0)
(132.60543608665466, 2)
(133.14331007003784, 0)
(133.67721891403198, 0)
(134.20374608039856, 0)
(134.71973609924316, 0)
(135.23764204978943, 0)
(135.75796699523926, 1)
(136.28272104263306, 0)
(136.81281208992004, 1)
(137.33053994178772, 0)
(137.84830904006958, 0)
(138.35822892189026, 0)
(138.87401390075684, 0)
(139.3936710357666, 0)
(139.9239649772644, 0)
(140.4468538761139, 0)
(140.971932888031, 0)
(141.4952540397644, 0)
(142.01565098762512, 0)
(142.5398280620575, 0)
(143.07126593589783, 0)
(143.59243607521057, 0)
(144.1220419406891, 1)
(144.64690709114075, 0)
(145.1885540485382, 0)
(145.72655606269836, 1)
(146.2454469203949, 0)
(146.75399804115295, 0)
(147.27219891548157, 0)
(147.79775309562683, 0)
(148.31939005851746, 0)
(148.83690309524536, 0)
(149.36066699028015, 2)
(149.87836503982544, 0)
(150.39614486694336, 0)
(150.91664099693298, 1)
(151.44386291503906, 0)
(151.96244192123413, 0)
(152.48100304603577, 0)
(153.00482201576233, 1)
(153.52997708320618, 1)
(154.05694794654846, 0)
(154.56749391555786, 0)
(155.08366107940674, 1)
(155.62065601348877, 0)
(156.13447308540344, 0)
(156.65347409248352, 0)
(157.2048580646515, 0)
(157.73398399353027, 0)
(158.2521390914917, 0)
(158.77641892433167, 0)
(159.29574704170227, 0)
(159.82467699050903, 0)
(160.3365180492401, 0)
(160.87717008590698, 2)
(161.38924288749695, 0)
(161.90267992019653, 0)
(162.42657995224, 0)
(162.93627190589905, 0)
(163.45702409744263, 0)
(163.97741508483887, 0)
(164.48829889297485, 0)
(165.03151106834412, 0)
(165.547935962677, 1)
(166.07957696914673, 2)
(166.62635803222656, 0)
(167.1908838748932, 0)
(167.71070289611816, 1)
(168.26064205169678, 0)
(168.7757110595703, 0)
(169.31529092788696, 0)
(169.8725860118866, 0)
(170.39200806617737, 0)
(170.9101860523224, 0)
(171.41965889930725, 0)
(171.94340801239014, 0)
(172.46639895439148, 0)
(172.97751092910767, 2)
(173.48689699172974, 0)
(173.99625992774963, 0)
(174.50685501098633, 0)
(175.01744198799133, 0)
(175.53042793273926, 0)
(176.04511904716492, 0)
(176.5838429927826, 1)
(177.10039806365967, 0)
(177.62118005752563, 0)
(178.1466600894928, 0)
(178.6682288646698, 0)
(179.19212007522583, 0)
(179.71183609962463, 0)
(180.23457407951355, 0)
(180.76258897781372, 0)
(181.30550503730774, 0)
(181.8284170627594, 3)
(182.34139490127563, 0)
(182.85123586654663, 0)
(183.3652880191803, 1)
(183.87639904022217, 0)
(184.390202999115, 0)
(184.91022205352783, 0)
(185.42611002922058, 1)
(185.95195198059082, 0)
(186.48549604415894, 0)
(187.01572704315186, 1)
(187.53585696220398, 1)
(188.04472398757935, 0)
(188.5703649520874, 0)
(189.09380388259888, 0)
(189.62528896331787, 1)
(190.16225600242615, 0)
(190.690367937088, 1)
(191.2149739265442, 0)
(191.73561906814575, 0)
(192.257581949234, 2)
(192.77246499061584, 0)
(193.3044719696045, 0)
(193.82644605636597, 0)
(194.37166094779968, 1)
(194.90682196617126, 0)
(195.43171787261963, 1)
(195.96604895591736, 1)
(196.48272800445557, 0)
(196.9993679523468, 1)
(197.5103359222412, 0)
(198.0333650112152, 0)
(198.55717206001282, 0)
(199.0775909423828, 0)
(199.60184502601624, 2)
(200.12453889846802, 0)
(200.65088295936584, 0)
(201.19496488571167, 0)
(201.7134919166565, 0)
(202.24115586280823, 1)
(202.7736999988556, 0)
(203.297621011734, 0)
(203.82530903816223, 3)
(204.3450140953064, 0)
(204.8611240386963, 1)
(205.37910199165344, 0)
(205.90016889572144, 0)
(206.42704796791077, 0)
(206.95603799819946, 0)
(207.47646188735962, 0)
(207.99595308303833, 0)
(208.52577304840088, 0)
(209.056303024292, 0)
(209.56965398788452, 0)
(210.09978199005127, 0)
(210.6381049156189, 0)
(211.16855192184448, 0)
(211.68549489974976, 1)
(212.2083740234375, 0)
(212.74007487297058, 2)
(213.2746810913086, 1)
(213.78898096084595, 0)
(214.3025460243225, 0)
(214.81976294517517, 1)
(215.3369219303131, 0)
(215.85549092292786, 0)
(216.36825799942017, 1)
(216.8825249671936, 1)
(217.39856505393982, 1)
(217.91933393478394, 1)
(218.43653297424316, 0)
(218.96213507652283, 0)
(219.49060893058777, 1)
(220.00706601142883, 0)
(220.52322101593018, 0)
(221.0404670238495, 0)
(221.5671579837799, 0)
(222.09154295921326, 0)
(222.62548804283142, 0)
(223.1450550556183, 0)
(223.67668390274048, 0)
(224.20451092720032, 0)
(224.72767090797424, 0)
(225.25324392318726, 0)
(225.78762698173523, 0)
(226.31906008720398, 0)
(226.85709691047668, 0)
(227.386127948761, 0)
(227.91337203979492, 0)
(228.43701195716858, 0)
(228.98794293403625, 0)
(229.52061700820923, 0)
(230.04427099227905, 0)
(230.56961297988892, 0)
(231.08774495124817, 0)
(231.61054587364197, 1)
(232.13773703575134, 0)
(232.68531703948975, 0)
(233.2003788948059, 0)
(233.71803903579712, 0)
(234.23889207839966, 0)
(234.7490758895874, 0)
(235.26930689811707, 0)
(235.77976393699646, 0)
(236.32554697990417, 0)
(236.8462998867035, 0)
(237.38682293891907, 0)
(237.8965709209442, 0)
(238.42637705802917, 0)
(238.94509506225586, 1)
(239.46038389205933, 1)
(239.9810209274292, 0)
(240.50480794906616, 0)
(241.04879307746887, 0)
(241.5861279964447, 0)
(242.1193709373474, 1)
(242.64887499809265, 0)
(243.1750659942627, 1)
(243.6926519870758, 0)
(244.21259903907776, 0)
(244.74832892417908, 0)
(245.26441287994385, 0)
(245.79504895210266, 0)
(246.31488800048828, 0)
(246.82664799690247, 0)
(247.34605407714844, 0)
(247.87915897369385, 0)
(248.4039659500122, 0)
(248.92554903030396, 0)
(249.4615159034729, 1)
(250.00222086906433, 0)
(250.52010202407837, 0)
(251.0337998867035, 0)
(251.55169892311096, 0)
(252.07231187820435, 0)
(252.59716391563416, 1)
(253.11089205741882, 2)
(253.6616609096527, 0)
(254.18479990959167, 0)
(254.7215690612793, 0)
(255.233628988266, 0)
(255.74699687957764, 1)
(256.2734968662262, 0)
(256.80146503448486, 0)
(257.32808804512024, 1)
(257.8503210544586, 0)
(258.3838360309601, 0)
(258.9048500061035, 1)
(259.4395079612732, 0)
(259.9696319103241, 0)
(260.49065494537354, 0)
(261.0212070941925, 0)
(261.56200194358826, 0)
(262.0861749649048, 1)
(262.62969398498535, 0)
(263.1496160030365, 1)
(263.6716659069061, 1)
(264.18713998794556, 0)
(264.7022330760956, 1)
(265.2237820625305, 0)
(265.7540099620819, 0)
(266.26798009872437, 0)
(266.7874798774719, 0)
(267.3210439682007, 0)
(267.83958292007446, 1)
(268.34891295433044, 0)
(268.89420104026794, 0)
(269.41745686531067, 0)
(269.9341940879822, 2)
(270.46651697158813, 0)
(270.9865970611572, 0)
(271.5200068950653, 0)
(272.0425760746002, 0)
(272.5951409339905, 1)
(273.15148091316223, 0)
(273.68414306640625, 1)
(274.1984360218048, 0)
(274.71735405921936, 0)
(275.24337792396545, 0)
(275.75851106643677, 0)
(276.28890109062195, 0)
(276.81237292289734, 0)
(277.33420586586, 0)
(277.8565080165863, 1)
(278.37429308891296, 0)
(278.8968539237976, 0)
(279.41448307037354, 1)
(279.92916798591614, 0)
(280.44967103004456, 0)
(280.9695370197296, 2)
(281.49040508270264, 0)
(282.01605892181396, 1)
(282.5394299030304, 1)
(283.06539607048035, 0)
(283.5901539325714, 0)
(284.13344502449036, 0)
(284.65563201904297, 1)
(285.18409991264343, 0)
(285.69840598106384, 0)
(286.22294306755066, 1)
(286.74871301651, 0)
(287.2610819339752, 0)
(287.77700996398926, 0)
(288.29148507118225, 0)
(288.8247289657593, 2)
(289.3548700809479, 0)
(289.8702609539032, 0)
(290.38407492637634, 0)
(290.8988230228424, 0)
(291.42074608802795, 0)
(291.9355010986328, 0)
(292.4494369029999, 0)
(292.96173787117004, 1)
(293.48078203201294, 1)
(294.0093050003052, 0)
(294.5260999202728, 1)
(295.0849230289459, 1)
(295.61580204963684, 0)
(296.143816947937, 0)
(296.66418194770813, 0)
(297.1927490234375, 1)
(297.71963000297546, 2)
(298.2373230457306, 1)
(298.7599129676819, 1)
(299.2860748767853, 0)
(299.8005380630493, 0)
(300.3391489982605, 1)
(300.86196398735046, 0)
(301.3823320865631, 1)
(301.91192293167114, 0)
(302.42699098587036, 0)
(302.9446840286255, 0)
(303.4850399494171, 0)
(304.0020909309387, 0)
(304.5220739841461, 1)
(305.0402488708496, 0)
(305.5815439224243, 1)
(306.093425989151, 0)
(306.6058530807495, 0)
(307.1314880847931, 0)
(307.6486608982086, 0)
(308.1680450439453, 1)
(308.6933898925781, 1)
(309.20909690856934, 0)
(309.73145508766174, 0)
(310.25382900238037, 0)
(310.78454303741455, 0)
(311.2942650318146, 0)
(311.81844687461853, 0)
(312.33921098709106, 0)
(312.8683738708496, 0)
(313.3984229564667, 0)
(313.9182319641113, 2)
(314.44949889183044, 0)
(314.98923087120056, 0)
(315.5038859844208, 0)
(316.03928303718567, 0)
(316.56224298477173, 0)
(317.0709710121155, 2)
(317.60354709625244, 0)
(318.1159770488739, 0)
(318.6429738998413, 1)
(319.17387294769287, 0)
(319.68428206443787, 0)
(320.1933150291443, 0)
(320.70790100097656, 0)
(321.23475193977356, 0)
(321.75614404678345, 1)
(322.2697730064392, 0)
(322.78968691825867, 0)
(323.30943489074707, 1)
(323.81916999816895, 0)
(324.3342900276184, 0)
(324.85069608688354, 0)
(325.36583709716797, 0)
(325.8890528678894, 0)
(326.41238808631897, 0)
(326.94642400741577, 2)
(327.46534490585327, 0)
(327.9871389865875, 0)
(328.50226187705994, 0)
(329.0228168964386, 0)
(329.54993200302124, 0)
(330.07448291778564, 0)
(330.59360790252686, 0)
(331.1114020347595, 0)
(331.62927293777466, 0)
(332.1485719680786, 0)
(332.66656494140625, 1)
(333.18281388282776, 0)
(333.69927191734314, 0)
(334.22776103019714, 1)
(334.7434549331665, 0)
(335.2602860927582, 0)
(335.79125595092773, 0)
(336.3214418888092, 0)
(336.8496448993683, 0)
(337.3670859336853, 1)
(337.8845200538635, 0)
(338.4016480445862, 0)
(338.92803502082825, 0)
(339.46048402786255, 1)
(339.98347091674805, 0)
(340.4985160827637, 1)
(341.02726006507874, 0)
(341.55385994911194, 0)
(342.071172952652, 0)
(342.5930869579315, 0)
(343.11728405952454, 0)
(343.6409890651703, 0)
(344.16521096229553, 0)
(344.68496799468994, 0)
(345.200896024704, 0)
(345.7127869129181, 0)
(346.23885107040405, 0)
(346.7754979133606, 0)
(347.3019289970398, 0)
(347.83571100234985, 1)
(348.35594487190247, 0)
(348.8793640136719, 0)
(349.4138078689575, 1)
(349.92869687080383, 0)
(350.4500288963318, 0)
(350.9818859100342, 0)
(351.5142819881439, 0)
(352.15546107292175, 1)
(352.6865859031677, 0)
(353.2029330730438, 0)
(353.7282819747925, 0)
(354.24917101860046, 1)
(354.7678999900818, 0)
(355.28948402404785, 0)
(355.81235098838806, 1)
(356.3367569446564, 0)
(356.851105928421, 0)
(357.3768620491028, 0)
(357.8998370170593, 0)
(358.4227430820465, 0)
(358.9428369998932, 1)
(359.4645528793335, 0)
(359.98586797714233, 0)
(360.5036289691925, 0)
(361.02173709869385, 0)
(361.54304003715515, 0)
(362.0770900249481, 0)
(362.61058807373047, 1)
(363.14074301719666, 0)
(363.66250109672546, 0)
(364.1881799697876, 0)
(364.7154278755188, 0)
(365.2370870113373, 1)
(365.7582640647888, 0)
(366.2754259109497, 1)
(366.79331707954407, 0)
(367.32429790496826, 0)
(367.8429400920868, 0)
(368.36533093452454, 0)
(368.8802399635315, 0)
(369.39890789985657, 2)
(369.9079599380493, 0)
(370.4301700592041, 0)
(370.94864988327026, 0)
(371.46591687202454, 0)
(371.98172092437744, 0)
(372.535973072052, 1)
(373.0440230369568, 0)
(373.566792011261, 0)
(374.0869140625, 0)
(374.6083800792694, 0)
(375.13287591934204, 0)
(375.64203691482544, 0)
(376.16205406188965, 0)
(376.6796889305115, 0)
(377.2042200565338, 0)
(377.72711396217346, 0)
(378.2461578845978, 0)
(378.7665979862213, 0)
(379.28528809547424, 0)
(379.80461597442627, 1)
(380.3213310241699, 0)
(380.8452320098877, 0)
(381.3695299625397, 0)
(381.8925609588623, 0)
(382.41314697265625, 0)
(382.94121503829956, 0)
(383.4617519378662, 0)
(383.97719502449036, 0)
(384.49639987945557, 0)
(385.0133578777313, 0)
(385.5316278934479, 1)
(386.052738904953, 0)
(386.58229303359985, 0)
(387.1053750514984, 0)
(387.621218919754, 0)
(388.13507199287415, 2)
(388.6480429172516, 0)
(389.1761450767517, 0)
(389.689994096756, 0)
(390.2127900123596, 2)
(390.7243859767914, 0)
(391.24234104156494, 0)
(391.7586090564728, 1)
(392.28153896331787, 1)
(392.81225395202637, 0)
(393.327486038208, 0)
(393.8365180492401, 0)
(394.36388993263245, 0)
(394.8844470977783, 0)
(395.4030749797821, 0)
(395.92568588256836, 0)
(396.44699692726135, 0)
(396.97091698646545, 0)
(397.48526787757874, 0)
(398.00420808792114, 1)
(398.54193902015686, 1)
(399.05607295036316, 0)
(399.5693349838257, 0)
(400.0760979652405, 0)
(400.59473299980164, 0)
(401.11995100975037, 0)
(401.6477360725403, 0)
(402.17559003829956, 0)
(402.68501496315, 0)
(403.19440507888794, 0)
(403.7104399204254, 0)
(404.2343680858612, 1)
(404.7588109970093, 0)
(405.27124786376953, 1)
(405.78099393844604, 0)
(406.3068358898163, 0)
(406.82701086997986, 0)
(407.34046506881714, 0)
(407.8690309524536, 0)
(408.4042708873749, 0)
(408.91594099998474, 0)
(409.42606806755066, 0)
(409.95065903663635, 0)
(410.46799206733704, 0)
(410.9972360134125, 0)
(411.52507400512695, 1)
(412.0351278781891, 0)
(412.5535159111023, 0)
(413.07196593284607, 1)
(413.59541606903076, 1)
(414.1240270137787, 0)
(414.654825925827, 0)
(415.1635510921478, 0)
(415.6863338947296, 0)
(416.19641399383545, 0)
(416.70643186569214, 0)
(417.2380130290985, 1)
(417.7595839500427, 0)
(418.2894558906555, 0)
(418.80869007110596, 1)
(419.3246910572052, 0)
(419.8370850086212, 1)
(420.34698390960693, 0)
(420.86691403388977, 0)
(421.37961888313293, 1)
(421.90957903862, 0)
(422.4207420349121, 0)
(422.94099402427673, 0)
(423.4602429866791, 0)
(423.9771020412445, 0)
(424.509192943573, 0)
(425.0192549228668, 1)
(425.52736806869507, 0)
(426.03950691223145, 0)
(426.5656440258026, 1)
(427.0813949108124, 0)
(427.59953904151917, 0)
(428.12368297576904, 0)
(428.6443259716034, 0)
(429.16198205947876, 0)
(429.68540596961975, 0)
(430.20961689949036, 0)
(430.731232881546, 0)
(431.2513439655304, 0)
(431.77687788009644, 0)
(432.3142349720001, 0)
(432.838406085968, 0)
(433.3573639392853, 0)
(433.8724830150604, 0)
(434.4070599079132, 0)
(434.92311787605286, 0)
(435.43449091911316, 0)
(435.95988607406616, 1)
(436.4853138923645, 0)
(437.0045919418335, 0)
(437.52144408226013, 1)
(438.04293990135193, 1)
(438.5663208961487, 0)
(439.08144998550415, 0)
(439.60431694984436, 0)
(440.12719798088074, 0)
(440.64919805526733, 1)
(441.16363406181335, 0)
(441.68612003326416, 0)
(442.2016248703003, 0)
(442.7258360385895, 0)
(443.2450520992279, 0)
(443.7764399051666, 0)
(444.3005909919739, 0)
(444.81628489494324, 1)
(445.3378028869629, 0)
(445.8625180721283, 0)
(446.40089201927185, 0)
(446.916640996933, 1)
(447.42612195014954, 0)
(447.9595980644226, 1)
(448.4874360561371, 2)
(449.01197504997253, 0)
(449.5357789993286, 0)
(450.0518069267273, 0)
(450.56713104248047, 2)
(451.0886158943176, 0)
(451.63083004951477, 0)
(452.14889192581177, 1)
(452.6680579185486, 1)
(453.18836402893066, 0)
(453.71616291999817, 0)
(454.24532294273376, 0)
(454.7635519504547, 0)
(455.3045690059662, 0)
(455.8263199329376, 0)
(456.36759996414185, 2)
(456.8868758678436, 0)
(457.407751083374, 1)
(457.9317090511322, 0)
(458.4531259536743, 2)
(458.9612798690796, 0)
(459.4693720340729, 1)
(459.9836549758911, 0)
(460.5234520435333, 0)
(461.0516839027405, 1)
(461.57454204559326, 0)
(462.0852129459381, 1)
(462.6068379878998, 0)
(463.1285390853882, 0)
(463.65026593208313, 0)
(464.163281917572, 2)
(464.6944968700409, 0)
(465.2100660800934, 0)
(465.7210509777069, 0)
(466.2347950935364, 0)
(466.79372000694275, 0)
(467.3170340061188, 0)
(467.82786798477173, 0)
(468.3432810306549, 1)
(468.85053300857544, 0)
(469.358913898468, 0)
(469.895879983902, 0)
(470.40529108047485, 0)
(470.9301838874817, 1)
(471.4397189617157, 0)
(471.9488980770111, 0)
(472.4727530479431, 0)
(472.9953920841217, 0)
(473.5262050628662, 1)
(474.041307926178, 0)
(474.56046199798584, 0)
(475.07469391822815, 1)
(475.61624789237976, 0)
(476.1623680591583, 0)
(476.6776490211487, 0)
(477.1936020851135, 1)
(477.7047128677368, 0)
(478.23186707496643, 0)
(478.75980591773987, 0)
(479.27874398231506, 1)
(479.80500292778015, 0)
(480.3127119541168, 0)
(480.83373498916626, 0)
(481.356595993042, 0)
(481.890487909317, 0)
(482.3995690345764, 0)
(482.9166600704193, 0)
(483.4324390888214, 0)
(483.9572100639343, 0)
(484.4847400188446, 0)
(485.00441694259644, 0)
(485.52672600746155, 1)
(486.06233406066895, 0)
(486.5976209640503, 0)
(487.12131690979004, 0)
(487.64979696273804, 1)
(488.1588809490204, 0)
(488.68387508392334, 2)
(489.20986795425415, 0)
(489.7303159236908, 0)
(490.24533200263977, 0)
(490.768296957016, 0)
(491.29059195518494, 0)
(491.8018639087677, 0)
(492.33630299568176, 0)
(492.87080907821655, 0)
(493.3944020271301, 0)
(493.90714597702026, 0)
(494.4342920780182, 0)
(494.9611620903015, 1)
(495.48599100112915, 1)
(496.0096809864044, 0)
(496.5331439971924, 1)
(497.05265498161316, 0)
(497.57751989364624, 1)
(498.097452878952, 0)
(498.6190149784088, 1)
(499.14332604408264, 0)
(499.65996193885803, 0)
(500.1744029521942, 1)
(500.69632506370544, 1)
(501.2130069732666, 0)
(501.7319040298462, 0)
(502.25656390190125, 0)
(502.79897594451904, 0)
(503.3155748844147, 0)
(503.83805799484253, 0)
(504.3523349761963, 0)
(504.8981430530548, 0)
(505.4278450012207, 0)
(505.9479880332947, 0)
(506.4608290195465, 0)
(506.9791359901428, 0)
(507.50543308258057, 2)
(508.02552700042725, 0)
(508.5474579334259, 0)
(509.0737268924713, 0)
(509.60143208503723, 0)
(510.1201169490814, 0)
(510.63615894317627, 0)
(511.15652298927307, 0)
(511.6898579597473, 0)
(512.2218940258026, 0)
(512.7475099563599, 0)
(513.270574092865, 1)
(513.780935049057, 1)
(514.297394990921, 1)
(514.8153400421143, 0)
(515.3243510723114, 1)
(515.8641428947449, 2)
(516.389438867569, 0)
(516.9156239032745, 0)
(517.4423699378967, 0)
(517.9660940170288, 0)
(518.4887580871582, 0)
(519.0008690357208, 0)
(519.5313129425049, 0)
(520.0408000946045, 1)
(520.5699439048767, 0)
(521.0925869941711, 0)
(521.6124439239502, 0)
(522.1376690864563, 0)
(522.6470530033112, 0)
(523.1643738746643, 1)
(523.6803500652313, 1)
(524.2135798931122, 0)
(524.7493329048157, 0)
(525.2692129611969, 0)
(525.7973420619965, 0)
(526.3278369903564, 1)
(526.8374478816986, 0)
(527.3618750572205, 0)
(527.8761410713196, 0)
(528.3850440979004, 0)
(528.9057168960571, 0)
(529.4272999763489, 0)
(530.0403139591217, 0)
(530.565437078476, 3)
(531.0838890075684, 0)
(531.6119139194489, 0)
(532.1311860084534, 0)
(532.6601178646088, 0)
(533.1767690181732, 0)
(533.7061350345612, 0)
(534.2379879951477, 0)
(534.7522020339966, 0)
(535.2838890552521, 0)
(535.8054580688477, 2)
(536.324609041214, 0)
(536.8490769863129, 1)
(537.37167096138, 0)
(537.8898169994354, 0)
(538.4126539230347, 0)
(538.9342188835144, 0)
(539.452996969223, 0)
(539.9731569290161, 0)
(540.4960269927979, 0)
(541.0177280902863, 1)
(541.5462100505829, 1)
(542.0662789344788, 0)
(542.5863070487976, 0)
(543.1138069629669, 0)
(543.6298050880432, 0)
(544.1635200977325, 0)
(544.6848978996277, 1)
(545.2134990692139, 1)
(545.7497379779816, 0)
(546.2698690891266, 0)
(546.782830953598, 0)
(547.3050360679626, 0)
(547.8274638652802, 0)
(548.3364858627319, 0)
(548.8818938732147, 0)
(549.398509979248, 0)
(549.9124550819397, 0)
(550.4264008998871, 1)
(550.9539980888367, 0)
(551.478765964508, 0)
(552.0182089805603, 0)
(552.5510849952698, 1)
(553.0753839015961, 1)
(553.5901839733124, 0)
(554.1307470798492, 0)
(554.6457109451294, 1)
(555.1672480106354, 0)
(555.6875438690186, 0)
(556.2090609073639, 0)
(556.7471270561218, 0)
(557.2631320953369, 0)
(557.7779760360718, 0)
(558.2996199131012, 0)
(558.8348090648651, 0)
(559.3590319156647, 1)
(559.8765199184418, 0)
(560.3995320796967, 1)
(560.9226560592651, 0)
(561.4428749084473, 0)
(561.9683718681335, 1)
(562.4854989051819, 0)
(563.0003039836884, 0)
(563.5216820240021, 0)
(564.0494379997253, 0)
(564.5751469135284, 1)
(565.1200978755951, 0)
(565.6413838863373, 0)
(566.1657419204712, 0)
(566.694442987442, 0)
(567.2150359153748, 0)
(567.7331130504608, 0)
(568.2564718723297, 1)
(568.7767488956451, 0)
(569.3004369735718, 0)
(569.828232049942, 0)
(570.34725689888, 0)
(570.8766028881073, 0)
(571.3985130786896, 0)
(571.9131910800934, 0)
(572.4320929050446, 0)
(572.9526700973511, 0)
(573.4775149822235, 0)
(574.0038599967957, 0)
(574.5228350162506, 0)
(575.0507130622864, 0)
(575.5756099224091, 0)
(576.0990920066833, 0)
(576.6312370300293, 0)
(577.1649360656738, 0)
(577.7072100639343, 0)
(578.2233080863953, 0)
(578.7417359352112, 0)
(579.2588219642639, 0)
(579.7764549255371, 0)
(580.2998008728027, 0)
(580.8172118663788, 0)
(581.3376619815826, 0)
(581.8593139648438, 0)
(582.3779809474945, 0)
(582.8927910327911, 0)
(583.4212720394135, 0)
(583.9414498806, 0)
(584.4589660167694, 0)
(584.9792380332947, 0)
(585.499470949173, 0)
(586.0224390029907, 0)
(586.5373499393463, 0)
(587.0548250675201, 0)
(587.5782010555267, 0)
(588.0995759963989, 0)
(588.6209530830383, 0)
(589.1384608745575, 0)
(589.655690908432, 0)
(590.1796798706055, 0)
(590.7030038833618, 0)
(591.2152740955353, 0)
(591.7286529541016, 0)
(592.2501010894775, 0)
(592.7603449821472, 0)
(593.2730259895325, 0)
(593.7843980789185, 0)
(594.306746006012, 0)
(594.8172628879547, 0)
(595.3273510932922, 0)
(595.8661079406738, 0)
(596.3815569877625, 0)
(596.8932340145111, 0)
(597.4164159297943, 0)
(597.9343829154968, 0)
(598.4525599479675, 0)
(598.9657559394836, 0)
(599.4990248680115, 0)
(600.0146129131317, 0)
(600.5403459072113, 0)
(601.0620579719543, 0)
(601.573940038681, 0)
(602.0945200920105, 0)
(602.6082739830017, 0)
(603.123701095581, 0)
(603.6376349925995, 0)
(604.1490318775177, 0)
(604.6671340465546, 0)
(605.1872339248657, 0)
(605.7063388824463, 0)
(606.2305788993835, 0)
(606.7471449375153, 0)
(607.2676050662994, 0)
(607.7909390926361, 0)
(608.3125650882721, 0)
(608.8344218730927, 0)
(609.3482089042664, 0)
(609.8724548816681, 0)
(610.3942410945892, 0)
(610.9132180213928, 0)
(611.4348680973053, 0)
(611.9565529823303, 0)
(612.4788908958435, 0)
(612.9973368644714, 0)
(613.5215640068054, 0)
(614.0410959720612, 0)
(614.5666389465332, 0)
(615.0941450595856, 0)
(615.6281230449677, 0)
(616.1422209739685, 0)
(616.6686599254608, 0)
(617.1846749782562, 0)
(617.7081820964813, 0)
(618.2444388866425, 0)
(618.7595410346985, 0)
(619.2821938991547, 0)
(619.8017599582672, 0)
(620.3214900493622, 0)
(620.836580991745, 0)
(621.3552498817444, 0)
(621.87672996521, 0)
(622.3988480567932, 0)
(622.9169518947601, 0)
(623.4427669048309, 0)
(623.955904006958, 0)
(624.4762020111084, 0)
(624.9994208812714, 0)
(625.5253419876099, 0)
(626.0459959506989, 0)
(626.5587990283966, 0)
(627.0794160366058, 0)
