(0, 0)
(0.5019559860229492, 7)
(1.020500898361206, 43)
(1.551724910736084, 51)
(2.088613986968994, 9)
(2.6146810054779053, 8)
(3.1376278400421143, 8)
(3.6764748096466064, 25)
(4.19395899772644, 2)
(4.714890956878662, 2)
(5.231789827346802, 2)
(5.761681795120239, 2)
(6.283073902130127, 0)
(6.806427955627441, 11)
(7.327761888504028, 14)
(7.841714859008789, 47)
(8.363860845565796, 53)
(8.885928869247437, 44)
(9.406888961791992, 29)
(9.923600912094116, 46)
(10.446870803833008, 92)
(10.977979898452759, 82)
(11.505205869674683, 10)
(12.025414943695068, 8)
(12.550038814544678, 10)
(13.065921783447266, 15)
(13.58755898475647, 3)
(14.101934909820557, 29)
(14.620706796646118, 7)
(15.143833875656128, 11)
(15.671389818191528, 33)
(16.19160294532776, 10)
(16.711934804916382, 7)
(17.227491855621338, 6)
(17.74631977081299, 4)
(18.262678861618042, 25)
(18.782941818237305, 43)
(19.30454397201538, 43)
(19.82340693473816, 75)
(20.344863891601562, 123)
(20.863773822784424, 126)
(21.398666858673096, 50)
(21.906288862228394, 48)
(22.413834810256958, 48)
(22.927018880844116, 54)
(23.434576988220215, 10)
(23.94208288192749, 4)
(24.451035976409912, 4)
(24.95858383178711, 4)
(25.466092824935913, 1)
(25.975035905838013, 22)
(26.48545479774475, 33)
(26.994375944137573, 58)
(27.5019428730011, 50)
(28.01372194290161, 50)
(28.521193981170654, 46)
(29.030147790908813, 45)
(29.54173493385315, 82)
(30.058021783828735, 80)
(30.58355188369751, 87)
(31.111015796661377, 109)
(31.633863925933838, 91)
(32.15745687484741, 74)
(32.68656778335571, 91)
(33.205835819244385, 91)
(33.73444199562073, 96)
(34.25302696228027, 73)
(34.77296495437622, 53)
(35.29436898231506, 47)
(35.807647943496704, 57)
(36.32495379447937, 9)
(36.84356689453125, 13)
(37.35961198806763, 13)
(37.88348698616028, 8)
(38.40217590332031, 6)
(38.91549277305603, 5)
(39.434141874313354, 8)
(39.95145583152771, 2)
(40.467450857162476, 13)
(40.982131004333496, 4)
(41.50142979621887, 4)
(42.018072843551636, 2)
(42.53265190124512, 13)
(43.0478789806366, 3)
(43.56670379638672, 2)
(44.0814528465271, 2)
(44.6011757850647, 2)
(45.11853289604187, 1)
(45.63568997383118, 0)
(46.155380964279175, 0)
(46.675102949142456, 0)
(47.19234085083008, 0)
(47.704638957977295, 0)
(48.2258198261261, 1)
(48.76139783859253, 22)
(49.27864694595337, 4)
(49.79410696029663, 18)
(50.310351848602295, 41)
(50.847925901412964, 8)
(51.378665924072266, 6)
(51.896026849746704, 26)
(52.411351919174194, 44)
(52.93390083312988, 65)
(53.444042921066284, 84)
(53.97155785560608, 82)
(54.48612380027771, 75)
(54.99978590011597, 53)
(55.50913095474243, 46)
(56.01672577857971, 47)
(56.524369955062866, 48)
(57.03202700614929, 7)
(57.541202783584595, 27)
(58.04975700378418, 23)
(58.55832386016846, 76)
(59.08671998977661, 59)
(59.619369983673096, 51)
(60.141108989715576, 45)
(60.65502977371216, 62)
(61.17689299583435, 83)
(61.69698977470398, 82)
(62.20769286155701, 52)
(62.73733186721802, 23)
(63.25598692893982, 4)
(63.78017497062683, 5)
(64.31210494041443, 24)
(64.82921481132507, 44)
(65.34912991523743, 62)
(65.87141680717468, 77)
(66.39046382904053, 51)
(66.89954280853271, 10)
(67.40856599807739, 11)
(67.91757392883301, 8)
(68.4280138015747, 7)
(68.9356598854065, 1)
(69.4502899646759, 0)
(69.9620909690857, 0)
(70.47812294960022, 6)
(71.00383377075195, 8)
(71.52542495727539, 4)
(72.04835987091064, 13)
(72.55739188194275, 16)
(73.06779098510742, 16)
(73.58802485466003, 15)
(74.11238598823547, 9)
(74.63397288322449, 7)
(75.15693593025208, 41)
(75.6819019317627, 20)
(76.20458889007568, 5)
(76.76534795761108, 33)
(77.3518397808075, 54)
(77.87426280975342, 49)
(78.39617896080017, 15)
(78.91523694992065, 4)
(79.43094992637634, 4)
(79.95398879051208, 18)
(80.47983884811401, 34)
(81.00340294837952, 49)
(81.52702689170837, 45)
(82.05206680297852, 24)
(82.56334185600281, 46)
(83.0949478149414, 48)
(83.62100195884705, 74)
(84.13934993743896, 67)
(84.66111493110657, 95)
(85.18681979179382, 82)
(85.6938829421997, 74)
(86.20947694778442, 51)
(86.73016500473022, 53)
(87.25354385375977, 49)
(87.77045798301697, 58)
(88.28937196731567, 110)
(88.80156087875366, 42)
(89.32419490814209, 47)
(89.8783929347992, 46)
(90.39756679534912, 48)
(90.90900683403015, 71)
(91.42508387565613, 83)
(91.9365348815918, 73)
(92.45883393287659, 87)
(92.97334885597229, 27)
(93.48326992988586, 10)
(93.99469590187073, 11)
(94.50305080413818, 6)
(95.01138496398926, 6)
(95.51972985267639, 5)
(96.0296368598938, 3)
(96.56282997131348, 8)
(97.08203983306885, 2)
(97.60276389122009, 2)
(98.12575197219849, 12)
(98.65269684791565, 6)
(99.17278981208801, 11)
(99.69728088378906, 7)
(100.2104058265686, 4)
(100.77594780921936, 4)
(101.3022518157959, 33)
(101.82958579063416, 26)
(102.35345196723938, 5)
(102.87275791168213, 4)
(103.39885592460632, 37)
(103.91781997680664, 54)
(104.43278193473816, 53)
(104.94297981262207, 46)
(105.46926784515381, 47)
(105.993234872818, 85)
(106.5100028514862, 102)
(107.02239680290222, 94)
(107.54966998100281, 114)
(108.06608390808105, 137)
(108.58874797821045, 88)
(109.11532497406006, 87)
(109.64581894874573, 93)
(110.17515087127686, 100)
(110.69967198371887, 145)
(111.21498894691467, 87)
(111.72963380813599, 84)
(112.24578785896301, 96)
(112.76085591316223, 149)
(113.27347993850708, 78)
(113.78609895706177, 88)
(114.3011839389801, 85)
(114.81739497184753, 80)
(115.33299493789673, 52)
(115.84345293045044, 44)
(116.35459089279175, 47)
(116.87361598014832, 59)
(117.38937091827393, 93)
(117.90476179122925, 46)
(118.42313289642334, 58)
(118.94643378257751, 73)
(119.45873379707336, 45)
(119.97187995910645, 77)
(120.48244595527649, 98)
(120.99244093894958, 103)
(121.50359177589417, 95)
(122.01586484909058, 105)
(122.52816581726074, 105)
(123.0381908416748, 111)
(123.54930686950684, 105)
(124.06154799461365, 97)
(124.57159399986267, 111)
(125.08162784576416, 98)
(125.59165596961975, 87)
(126.10144686698914, 86)
(126.61364889144897, 92)
(127.12373685836792, 99)
(127.6357409954071, 96)
(128.1460030078888, 93)
(128.65725588798523, 98)
(129.18839597702026, 87)
(129.76405096054077, 80)
(130.27485585212708, 69)
(130.78813481330872, 65)
(131.30483984947205, 74)
(131.81488394737244, 95)
(132.32767987251282, 122)
(132.85031986236572, 287)
(133.37283182144165, 112)
(133.89287686347961, 80)
(134.4121129512787, 96)
(134.9417278766632, 85)
(135.44837188720703, 77)
(135.9796438217163, 175)
(136.51429390907288, 128)
(137.0371298789978, 91)
(137.5594527721405, 81)
(138.07882499694824, 89)
(138.59366488456726, 77)
(139.11398196220398, 95)
(139.63410878181458, 94)
(140.15164184570312, 83)
(140.6900839805603, 109)
(141.21010279655457, 98)
(141.73141980171204, 92)
(142.2584888935089, 89)
(142.79721879959106, 99)
(143.3137538433075, 88)
(143.8323938846588, 86)
(144.35005283355713, 90)
(144.8676118850708, 74)
(145.38064885139465, 94)
(145.90031385421753, 87)
(146.4240438938141, 94)
(146.95128798484802, 89)
(147.46586298942566, 99)
(147.9780969619751, 283)
(148.49848890304565, 84)
(149.02880787849426, 161)
(149.54583978652954, 87)
(150.06427192687988, 101)
(150.57782983779907, 84)
(151.09863090515137, 90)
(151.6179599761963, 59)
(152.13691997528076, 41)
(152.64977383613586, 40)
(153.1682288646698, 40)
(153.69000697135925, 41)
(154.2105429172516, 53)
(154.7303488254547, 47)
(155.24705600738525, 45)
(155.76516890525818, 46)
(156.28557777404785, 45)
(156.800696849823, 43)
(157.3191888332367, 41)
(157.83937883377075, 46)
(158.35935497283936, 43)
(158.87283992767334, 42)
(159.39068388938904, 42)
(159.91845989227295, 73)
(160.44152188301086, 91)
(160.9617338180542, 121)
(161.47478890419006, 98)
(161.99487590789795, 97)
(162.5212438106537, 86)
(163.03691291809082, 91)
(163.56169080734253, 89)
(164.09617495536804, 85)
(164.61859893798828, 46)
(165.1374328136444, 13)
(165.65746092796326, 8)
(166.17752289772034, 15)
(166.69662499427795, 8)
(167.21673393249512, 10)
(167.73688292503357, 4)
(168.25863885879517, 4)
(168.7787308692932, 2)
(169.29883694648743, 7)
(169.81486797332764, 3)
(170.3403718471527, 2)
(170.85910892486572, 2)
(171.37783789634705, 9)
(171.9006187915802, 42)
(172.42352485656738, 26)
(172.94264578819275, 93)
(173.46033096313477, 85)
(173.97912693023682, 32)
(174.49122595787048, 91)
(175.1003179550171, 60)
(175.6292109489441, 78)
(176.14440083503723, 24)
(176.6530089378357, 12)
(177.1615560054779, 69)
(177.67414093017578, 50)
(178.18669891357422, 32)
(178.70635080337524, 6)
(179.23025488853455, 6)
(179.75151681900024, 4)
(180.27145886421204, 8)
(180.8059368133545, 3)
(181.3298637866974, 5)
(181.85092186927795, 11)
(182.38308191299438, 6)
(182.9007968902588, 10)
(183.4260709285736, 26)
(183.94459986686707, 22)
(184.4537889957428, 9)
(184.96511483192444, 8)
(185.49033999443054, 17)
(186.01427292823792, 7)
(186.5461847782135, 3)
(187.0713448524475, 18)
(187.59395098686218, 39)
(188.11402297019958, 51)
(188.6345019340515, 90)
(189.15467190742493, 92)
(189.66807794570923, 76)
(190.1898729801178, 59)
(190.7106969356537, 99)
(191.23292183876038, 95)
(191.76427483558655, 101)
(192.29417085647583, 103)
(192.8068609237671, 85)
(193.32736492156982, 88)
(193.84616684913635, 76)
(194.36503982543945, 23)
(194.88393378257751, 5)
(195.39694690704346, 3)
(195.91085696220398, 39)
(196.427405834198, 52)
(196.9491879940033, 43)
(197.46518182754517, 42)
(197.98254489898682, 43)
(198.4999599456787, 55)
(199.02186679840088, 84)
(199.5387737751007, 82)
(200.0560278892517, 83)
(200.58037686347961, 147)
(201.0977418422699, 131)
(201.61482286453247, 107)
(202.12693786621094, 89)
(202.63945388793945, 86)
(203.16021990776062, 67)
(203.67767977714539, 16)
(204.19747686386108, 9)
(204.71606183052063, 42)
(205.23335599899292, 51)
(205.77522587776184, 58)
(206.30036282539368, 60)
(206.81627297401428, 50)
(207.34632396697998, 65)
(207.8830418586731, 79)
(208.4169728755951, 91)
(208.94706678390503, 85)
(209.47910690307617, 48)
(210.00776886940002, 43)
(210.53508591651917, 62)
(211.05615377426147, 44)
(211.5722508430481, 6)
(212.09709882736206, 6)
(212.62070488929749, 10)
(213.14052081108093, 17)
(213.6596598625183, 25)
(214.182030916214, 46)
(214.70314979553223, 48)
(215.22723484039307, 41)
(215.74836587905884, 64)
(216.26944398880005, 83)
(216.79431986808777, 50)
(217.3141369819641, 59)
(217.8375699520111, 45)
(218.36494088172913, 50)
(218.8881938457489, 57)
(219.41254782676697, 71)
(219.9442617893219, 84)
(220.4668869972229, 13)
(220.98589277267456, 8)
(221.50031685829163, 8)
(222.02403593063354, 6)
(222.54310393333435, 2)
(223.05604696273804, 0)
(223.58126997947693, 15)
(224.1018669605255, 41)
(224.62245082855225, 60)
(225.14919590950012, 108)
(225.66691899299622, 43)
(226.18281388282776, 95)
(226.7095308303833, 83)
(227.22836589813232, 69)
(227.74165081977844, 85)
(228.25600385665894, 51)
(228.77215194702148, 77)
(229.30666279792786, 197)
(229.8248589038849, 55)
(230.34623193740845, 74)
(230.8865189552307, 36)
(231.40726685523987, 71)
(231.92625379562378, 81)
(232.44863486289978, 109)
(232.96494388580322, 115)
(233.52800989151, 86)
(234.0465099811554, 67)
(234.56203389167786, 125)
(235.08357286453247, 70)
(235.60047888755798, 80)
(236.1303198337555, 50)
(236.65461087226868, 46)
(237.17347979545593, 71)
(237.69538688659668, 93)
(238.21357893943787, 126)
(238.72805190086365, 97)
(239.23628187179565, 54)
(239.76719999313354, 49)
(240.3222107887268, 46)
(240.83770298957825, 10)
(241.35644483566284, 3)
(241.8781909942627, 2)
(242.403461933136, 2)
(242.92529296875, 8)
(243.44544982910156, 17)
(243.9687168598175, 43)
(244.48301577568054, 5)
(245.0062918663025, 47)
(245.52499294281006, 51)
(246.05212688446045, 49)
(246.56485080718994, 45)
(247.0796799659729, 42)
(247.89243483543396, 70)
(248.40219283103943, 52)
(248.91040587425232, 50)
(249.42924189567566, 61)
(249.98462080955505, 50)
(250.51738691329956, 70)
(251.0349099636078, 22)
(251.54276180267334, 12)
(252.05138683319092, 32)
(252.55992579460144, 21)
(253.06959795951843, 13)
(253.57766699790955, 9)
(254.10147500038147, 9)
(254.6373438835144, 17)
(255.1542148590088, 40)
(255.68372988700867, 23)
(256.2095379829407, 7)
(256.7232849597931, 7)
(257.2617709636688, 5)
(257.8030297756195, 5)
(258.32628178596497, 6)
(258.84151577949524, 14)
(259.36870789527893, 4)
(259.89201188087463, 5)
(260.4106888771057, 10)
(260.9283859729767, 27)
(261.44971990585327, 44)
(261.97050499916077, 43)
(262.4869909286499, 42)
(263.01236391067505, 32)
(263.53403782844543, 8)
(264.0576708316803, 4)
(264.5736219882965, 4)
(265.08956480026245, 4)
(265.6131889820099, 3)
(266.1329789161682, 0)
(266.65281796455383, 6)
(267.16896390914917, 44)
(267.6923408508301, 98)
(268.2102358341217, 83)
(268.7239758968353, 74)
(269.2450358867645, 49)
(269.7705008983612, 27)
(270.289883852005, 4)
(270.81078481674194, 45)
(271.33596086502075, 45)
(271.8554708957672, 37)
(272.3719539642334, 4)
(272.8857409954071, 4)
(273.4093339443207, 3)
(273.92371678352356, 2)
(274.4406650066376, 18)
(274.95769596099854, 72)
(275.4818708896637, 90)
(276.0450818538666, 92)
(276.5845069885254, 87)
(277.09353590011597, 60)
(277.6301679611206, 58)
(278.14846086502075, 53)
(278.66226983070374, 48)
(279.1793189048767, 48)
(279.6966199874878, 47)
(280.2189028263092, 52)
(280.74258399009705, 47)
(281.2582769393921, 42)
(281.7766098976135, 43)
(282.29596877098083, 43)
(282.8132359981537, 56)
(283.3368618488312, 48)
(283.859983921051, 43)
(284.383327960968, 35)
(284.90482091903687, 19)
(285.423978805542, 7)
(285.9431869983673, 7)
(286.46956300735474, 14)
(286.98876786231995, 7)
(287.5079519748688, 3)
(288.02721095085144, 28)
(288.5499107837677, 74)
(289.0683717727661, 84)
(289.58739590644836, 82)
(290.10601687431335, 75)
(290.6467478275299, 45)
(291.18203377723694, 44)
(291.701397895813, 19)
(292.2143669128418, 18)
(292.72269082069397, 23)
(293.23037099838257, 12)
(293.74236583709717, 32)
(294.2529468536377, 23)
(294.76062178611755, 20)
(295.2698059082031, 10)
(295.77874279022217, 8)
(296.2887649536133, 15)
(296.795361995697, 54)
(297.3039000034332, 82)
(297.82016491889954, 116)
(298.33567786216736, 80)
(298.84214878082275, 80)
(299.36109685897827, 88)
(299.8795528411865, 97)
(300.40252685546875, 82)
(300.9134728908539, 195)
(301.4360499382019, 216)
(301.95245385169983, 221)
(302.4743928909302, 57)
(302.9922969341278, 13)
(303.5098738670349, 11)
(304.0309238433838, 13)
(304.53920888900757, 6)
(305.0490698814392, 3)
(305.5773627758026, 2)
(306.10106778144836, 3)
(306.61701583862305, 5)
(307.12535285949707, 2)
(307.6490647792816, 2)
(308.16967487335205, 2)
(308.6856858730316, 2)
(309.1986129283905, 1)
(309.7191879749298, 12)
(310.2343559265137, 42)
(310.7877428531647, 72)
(311.30592799186707, 68)
(311.9572649002075, 28)
(312.4771018028259, 4)
(313.0015377998352, 4)
(313.5283908843994, 4)
(314.05063796043396, 3)
(314.5701439380646, 0)
(315.09008383750916, 0)
(315.60558891296387, 7)
(316.12564396858215, 2)
(316.68546080589294, 35)
(317.2764048576355, 71)
(317.7966787815094, 47)
(318.31742787361145, 9)
(318.8363778591156, 15)
(319.3593909740448, 10)
(319.9414818286896, 17)
(320.46457386016846, 4)
(320.9837498664856, 4)
(321.50106596946716, 2)
(322.0163209438324, 2)
(322.5374538898468, 1)
(323.05860590934753, 0)
(323.5738778114319, 0)
(324.09890699386597, 0)
(324.6181719303131, 0)
(325.13919496536255, 7)
(325.6719160079956, 58)
(326.1892409324646, 88)
(326.7291820049286, 87)
(327.2475779056549, 53)
(327.76728677749634, 6)
(328.29021191596985, 7)
(328.80630898475647, 36)
(329.3275058269501, 45)
(329.84361386299133, 41)
(330.3631229400635, 22)
(330.88433289527893, 3)
(331.40209889411926, 14)
(331.91651797294617, 15)
(332.4377028942108, 50)
(332.95900678634644, 47)
(333.4788007736206, 22)
(333.9985148906708, 5)
(334.5182259082794, 3)
(335.0326678752899, 41)
(335.5576059818268, 52)
(336.0788938999176, 56)
(336.5969269275665, 87)
(337.1195240020752, 88)
(337.6468708515167, 72)
(338.169420003891, 8)
(338.68308687210083, 7)
(339.20218086242676, 50)
(339.72735595703125, 39)
(340.2425308227539, 52)
(340.77136993408203, 58)
(341.3194348812103, 48)
(341.852481842041, 55)
(342.3752839565277, 31)
(342.89047479629517, 6)
(343.40714287757874, 3)
(343.92229294776917, 11)
(344.44507479667664, 29)
(344.9685537815094, 71)
(345.4909198284149, 86)
(346.01694989204407, 95)
(346.53517293930054, 71)
(347.05949687957764, 86)
(347.5876109600067, 88)
(348.11035084724426, 57)
(348.6399269104004, 46)
(349.1653628349304, 45)
(349.6827018260956, 49)
(350.21097588539124, 48)
(350.7317039966583, 62)
(351.2631938457489, 114)
(351.79093980789185, 125)
(352.3185398578644, 131)
(352.84572196006775, 88)
(353.3749098777771, 56)
(353.89715695381165, 49)
(354.40584683418274, 55)
(354.9309799671173, 40)
(355.4476568698883, 12)
(355.9619998931885, 7)
(356.47628688812256, 8)
(356.9925308227539, 16)
(357.50924587249756, 7)
(358.02349495887756, 38)
(358.5374028682709, 77)
(359.0681459903717, 64)
(359.59155893325806, 45)
(360.1059799194336, 42)
(360.6226119995117, 42)
(361.1381378173828, 48)
(361.65665793418884, 43)
(362.1715397834778, 48)
(362.6855568885803, 69)
(363.2086479663849, 87)
(363.7309308052063, 96)
(364.24989891052246, 72)
(364.7751579284668, 100)
(365.29414677619934, 117)
(365.80152893066406, 114)
(366.3263509273529, 117)
(366.84976983070374, 124)
(367.36886286735535, 126)
(367.90107798576355, 134)
(368.4305520057678, 109)
(368.96676683425903, 83)
(369.48473286628723, 47)
(370.0083589553833, 53)
(370.53556990623474, 59)
(371.07014894485474, 49)
(371.58935594558716, 17)
(372.1110899448395, 13)
(372.6363859176636, 24)
(373.1543848514557, 26)
(373.6711359024048, 7)
(374.1891288757324, 21)
(374.7194199562073, 23)
(375.23985600471497, 13)
(375.77196884155273, 11)
(376.28380584716797, 8)
(376.8082709312439, 6)
(377.3281648159027, 13)
(378.0045428276062, 3)
(378.52429699897766, 3)
(379.0441439151764, 2)
(379.5698058605194, 3)
(380.09818291664124, 10)
(380.6195809841156, 46)
(381.143501996994, 7)
(382.3445599079132, 63)
(382.8690447807312, 108)
(383.39036989212036, 75)
(383.90843081474304, 89)
(384.4292469024658, 93)
(384.9472019672394, 169)
(385.4589309692383, 70)
(385.97081780433655, 84)
(386.4811758995056, 73)
(386.99383997917175, 82)
(387.5099878311157, 20)
(388.02385091781616, 6)
(388.5653109550476, 42)
(389.1112439632416, 100)
(389.63700699806213, 95)
(390.1659679412842, 99)
(390.69205498695374, 86)
(391.21596097946167, 92)
(391.72951197624207, 41)
(392.2581489086151, 91)
(392.7748968601227, 31)
(393.29081296920776, 9)
(393.80780696868896, 6)
(394.32734394073486, 13)
(394.85756492614746, 5)
(395.3766257762909, 12)
(395.89999890327454, 19)
(396.42337584495544, 6)
(396.94555497169495, 5)
(397.47175097465515, 4)
(397.99178194999695, 10)
(398.50933384895325, 2)
(399.0286920070648, 2)
(399.5506567955017, 2)
(400.07516288757324, 2)
(400.58955693244934, 0)
(401.1140019893646, 0)
(401.6308009624481, 6)
(402.1578998565674, 2)
(402.6825067996979, 2)
(403.1957759857178, 3)
(403.7185869216919, 1)
(404.2379729747772, 0)
(404.7624909877777, 0)
(405.28194189071655, 1)
(405.819287776947, 7)
(406.3438448905945, 2)
(406.86060190200806, 3)
(407.3793737888336, 7)
(407.9369168281555, 2)
(408.5575678348541, 9)
(409.0761938095093, 9)
(409.73556089401245, 10)
(410.2614448070526, 45)
(410.789274930954, 51)
(411.3206307888031, 32)
(411.8375098705292, 13)
(412.3574140071869, 11)
(412.8772978782654, 7)
(413.3994209766388, 2)
(413.9134337902069, 0)
(414.4351568222046, 0)
(414.95485377311707, 0)
(415.48330092430115, 15)
(416.00705790519714, 3)
(416.52271580696106, 49)
(417.04645800590515, 45)
(417.5817458629608, 68)
(418.1022198200226, 11)
(418.61543583869934, 7)
(419.14106488227844, 15)
(419.6710138320923, 8)
(420.2066388130188, 14)
(420.7272078990936, 6)
(421.2458369731903, 6)
(421.7627749443054, 3)
(422.29481983184814, 2)
(422.8134489059448, 11)
(423.3339958190918, 2)
(423.8721499443054, 31)
(424.3957688808441, 18)
(424.9153199195862, 4)
(425.4357957839966, 10)
(425.9606399536133, 5)
(426.4830448627472, 9)
(427.0092158317566, 5)
(427.53238797187805, 4)
(428.05484890937805, 31)
(428.57380080223083, 30)
(429.09823989868164, 31)
(429.6301839351654, 28)
(430.15041399002075, 53)
(430.67829298973083, 54)
(431.1998689174652, 48)
(431.7073769569397, 42)
(432.214861869812, 39)
(432.7237069606781, 40)
(433.2311968803406, 24)
(433.7425389289856, 4)
(434.2500069141388, 8)
(434.7564308643341, 76)
(435.2777738571167, 49)
(435.80805492401123, 38)
(436.33389592170715, 8)
(436.8471999168396, 8)
(437.36778497695923, 14)
(437.88836097717285, 42)
(438.41793298721313, 43)
(438.94030594825745, 43)
(439.46449398994446, 41)
(439.99237298965454, 2)
(440.5156309604645, 9)
(441.0424029827118, 19)
(441.55757999420166, 6)
(442.0727138519287, 5)
(442.593327999115, 4)
(443.1157009601593, 21)
(443.63807487487793, 11)
(444.1568489074707, 6)
(444.6738119125366, 6)
(445.1907889842987, 6)
(445.7221908569336, 3)
(446.244304895401, 12)
(446.7612760066986, 2)
(447.27818393707275, 2)
(447.79432678222656, 3)
(448.32001399993896, 9)
(448.84338784217834, 27)
(449.37291383743286, 44)
(449.89464497566223, 28)
(450.4182679653168, 4)
(450.93949484825134, 2)
(451.4603707790375, 3)
(451.98166489601135, 2)
(452.50521993637085, 0)
(453.0265328884125, 10)
(453.54784989356995, 8)
(454.0713908672333, 33)
(454.58455181121826, 85)
(455.0968589782715, 81)
(455.608904838562, 82)
(456.1363718509674, 40)
(456.64767384529114, 83)
(457.16457986831665, 78)
(457.68152594566345, 79)
(458.19824981689453, 79)
(458.7222218513489, 64)
(459.24562096595764, 65)
(459.7564318180084, 18)
(460.2776689529419, 83)
(460.7889549732208, 84)
(461.31668496131897, 83)
(461.82836294174194, 92)
(462.34417390823364, 93)
(462.8543698787689, 50)
(463.362694978714, 48)
(463.8714838027954, 53)
(464.3908247947693, 45)
(464.898708820343, 42)
(465.4252378940582, 49)
(465.93904280662537, 81)
(466.454708814621, 83)
(466.9778850078583, 64)
(467.4865279197693, 42)
(468.0142619609833, 43)
(468.54353189468384, 7)
(469.0617368221283, 5)
(469.5799038410187, 2)
(470.1028718948364, 10)
(470.6274628639221, 42)
(471.147216796875, 41)
(471.6627359390259, 56)
(472.18172883987427, 47)
(472.7030119895935, 79)
(473.23382687568665, 91)
(473.7688729763031, 89)
(474.2879068851471, 46)
(474.8146607875824, 19)
(475.3336408138275, 10)
(475.85264778137207, 16)
(476.37476778030396, 48)
(476.8907837867737, 55)
(477.40507984161377, 56)
(477.91870284080505, 26)
(478.4329559803009, 25)
(478.9581379890442, 8)
(479.47716093063354, 15)
(479.9993529319763, 8)
(480.5243468284607, 4)
(481.0465669631958, 2)
(481.5633637905121, 35)
(482.0855128765106, 43)
(482.6015839576721, 42)
(483.12063097953796, 43)
(483.64169478416443, 42)
(484.1563367843628, 47)
(484.6784088611603, 44)
(485.20227885246277, 110)
(485.72633600234985, 127)
(486.2481617927551, 107)
(486.76581478118896, 88)
(487.2887477874756, 89)
(487.8123137950897, 89)
(488.3330628871918, 58)
(488.8522398471832, 12)
(489.372967004776, 16)
(489.89373993873596, 9)
(490.41832184791565, 18)
(490.94522881507874, 44)
(491.46488094329834, 42)
(491.98771381378174, 67)
(492.5203449726105, 99)
(493.0317358970642, 91)
(493.55241084098816, 89)
(494.0701868534088, 83)
(494.59223890304565, 112)
(495.1223669052124, 87)
(495.6581599712372, 92)
(496.19394993782043, 77)
(496.71422290802, 103)
(497.22413396835327, 91)
(497.7381718158722, 32)
(498.2524938583374, 24)
(498.76207089424133, 49)
(499.2731819152832, 68)
(499.7967507839203, 51)
(500.30624079704285, 18)
(500.81430292129517, 46)
(501.3224229812622, 53)
(501.83185386657715, 49)
(502.3540589809418, 19)
(502.87479186058044, 26)
(503.38285088539124, 60)
(503.9057397842407, 85)
(504.4446768760681, 99)
(504.9780797958374, 76)
(505.4908068180084, 89)
(506.0059208869934, 85)
(506.5206489562988, 79)
(507.0301458835602, 46)
(507.54357981681824, 75)
(508.07147884368896, 87)
(508.5938789844513, 86)
(509.12055683135986, 84)
(509.65009593963623, 82)
(510.1764349937439, 84)
(510.6971209049225, 88)
(511.2140169143677, 96)
(511.73116278648376, 99)
(512.2586348056793, 121)
(512.7732708454132, 132)
(513.3011939525604, 110)
(513.838840007782, 112)
(514.3570988178253, 103)
(514.8769087791443, 94)
(515.396821975708, 94)
(515.9156699180603, 98)
(516.4285898208618, 190)
(516.944766998291, 101)
(517.4643988609314, 183)
(517.9987659454346, 179)
(518.531240940094, 169)
(519.0661818981171, 122)
(519.581768989563, 150)
(520.0962538719177, 96)
(520.6100518703461, 90)
(521.1330089569092, 89)
(521.6560728549957, 73)
(522.1644079685211, 46)
(522.6727910041809, 44)
(523.1821899414062, 43)
(523.692656993866, 44)
(524.2126049995422, 59)
(524.7410860061646, 88)
(525.2565579414368, 57)
(525.7827548980713, 54)
(526.2904880046844, 54)
(526.8051218986511, 46)
(527.3344438076019, 10)
(527.8480889797211, 46)
(528.3658649921417, 44)
(528.8731708526611, 23)
(529.3804969787598, 4)
(529.8901000022888, 44)
(530.4071068763733, 83)
(530.9243710041046, 51)
(531.4460599422455, 10)
(531.9605159759521, 6)
(532.479927778244, 6)
(533.0012328624725, 30)
(533.5260269641876, 77)
(534.0666239261627, 68)
(534.6966660022736, 50)
(535.2432589530945, 31)
(535.7721009254456, 30)
(536.28679895401, 57)
(536.8104848861694, 58)
(537.3222379684448, 41)
(537.9014129638672, 42)
(538.5302128791809, 77)
(539.1493709087372, 42)
(539.7078688144684, 25)
(540.2439408302307, 37)
(540.7676999568939, 52)
(541.2802059650421, 59)
(541.7981100082397, 62)
(542.3170127868652, 60)
(542.8319787979126, 59)
(543.3446848392487, 41)
(543.8870527744293, 190)
(544.4288709163666, 50)
(545.1098048686981, 97)
(545.6293799877167, 53)
(546.1451458930969, 40)
(546.6616477966309, 55)
(547.1860837936401, 38)
(547.7519598007202, 21)
(548.3155379295349, 57)
(548.8580679893494, 90)
(549.5479919910431, 104)
(550.0752058029175, 25)
(550.5832068920135, 41)
(551.0938329696655, 49)
(551.6040749549866, 43)
(552.1334519386292, 44)
(552.6883637905121, 62)
(553.2174079418182, 52)
(553.7304079532623, 63)
(554.252100944519, 83)
(554.7782859802246, 80)
(555.3118209838867, 56)
(555.8476419448853, 48)
(556.658894777298, 98)
(557.1775798797607, 109)
(557.6930639743805, 26)
(558.232174873352, 8)
(558.7464799880981, 11)
(559.2570109367371, 17)
(559.774172782898, 19)
(560.292154788971, 6)
(560.8003678321838, 11)
(561.323184967041, 12)
(561.8320479393005, 6)
(562.3437008857727, 6)
(562.851625919342, 4)
(563.3610208034515, 2)
(563.8697679042816, 15)
(564.3964920043945, 43)
(564.9162089824677, 41)
(565.4338917732239, 65)
(565.9479558467865, 32)
(566.5008878707886, 59)
(567.0290079116821, 37)
(567.5646209716797, 3)
(568.0935778617859, 7)
(568.6232588291168, 23)
(569.128643989563, 8)
(569.659257888794, 26)
(570.1674869060516, 118)
(570.6980679035187, 97)
(571.2143409252167, 92)
(571.7409608364105, 83)
(572.2581799030304, 60)
(572.8340759277344, 61)
(573.3516888618469, 39)
(573.8733289241791, 36)
(574.3888018131256, 88)
(574.9140927791595, 52)
(575.4617228507996, 34)
(575.9844830036163, 94)
(576.5365769863129, 73)
(577.0601677894592, 89)
(577.5699429512024, 94)
(578.115306854248, 47)
(578.6548500061035, 31)
(579.1801788806915, 66)
(579.7210459709167, 110)
(580.2571408748627, 56)
(580.7734019756317, 49)
(581.2835028171539, 48)
(581.8330128192902, 64)
(582.3533539772034, 63)
(582.877876996994, 88)
(583.3975968360901, 69)
(583.9211559295654, 48)
(584.4438509941101, 46)
(584.9645898342133, 45)
(585.4856557846069, 53)
(586.0160357952118, 50)
(586.5257837772369, 54)
(587.0431439876556, 15)
(587.5512578487396, 18)
(588.0648579597473, 71)
(588.5794677734375, 86)
(589.0940239429474, 92)
(589.6210219860077, 56)
(590.1314918994904, 42)
(590.6415348052979, 41)
(591.1505489349365, 42)
(591.6584298610687, 42)
(592.178484916687, 49)
(592.688747882843, 42)
(593.1983699798584, 41)
(593.7092599868774, 19)
(594.2486488819122, 4)
(594.7638568878174, 12)
(595.2780277729034, 18)
(595.7870719432831, 6)
(596.2946608066559, 4)
(596.8744750022888, 9)
(597.4226858615875, 7)
(597.9507339000702, 33)
(598.4716007709503, 43)
(598.9922909736633, 42)
(599.5095407962799, 42)
(600.0330948829651, 41)
(600.5692257881165, 41)
(601.1021099090576, 78)
(601.6461088657379, 85)
(602.2006847858429, 55)
(602.7404968738556, 34)
(603.2732169628143, 6)
(603.810220003128, 14)
(604.3419349193573, 7)
(604.8612778186798, 7)
(605.3789207935333, 2)
(605.8985288143158, 2)
(606.4131197929382, 3)
(606.9799318313599, 53)
(607.5000457763672, 43)
(608.0378048419952, 44)
(608.5761528015137, 11)
(609.1408138275146, 11)
(609.6797528266907, 5)
(610.2028868198395, 8)
(610.7316608428955, 30)
(611.261353969574, 44)
(611.7926738262177, 26)
(612.3102569580078, 11)
(613.0218298435211, 29)
(613.6071348190308, 57)
(614.1256198883057, 46)
(614.7401947975159, 16)
(615.502368927002, 34)
(616.0836188793182, 5)
(616.9648568630219, 22)
(617.6524488925934, 37)
(618.1902549266815, 8)
(618.7216928005219, 6)
(619.2574279308319, 6)
(619.791090965271, 2)
(620.3077938556671, 11)
(620.8180840015411, 2)
(621.3278028964996, 2)
(621.8419878482819, 2)
(622.3537359237671, 2)
(622.8724129199982, 0)
(623.3871538639069, 6)
(623.9026777744293, 10)
(624.4124019145966, 6)
(624.9221429824829, 16)
(625.4328877925873, 20)
(625.9558658599854, 51)
(626.4782428741455, 48)
(626.9994049072266, 55)
(627.5218307971954, 49)
(628.0445230007172, 78)
(628.5602569580078, 84)
