(0, 0)
(0.5013420581817627, 7)
(1.0218870639801025, 42)
(1.538496971130371, 52)
(2.060441017150879, 8)
(2.5930240154266357, 8)
(3.1277170181274414, 8)
(3.6502509117126465, 26)
(4.1715569496154785, 2)
(4.6962878704071045, 2)
(5.21798300743103, 2)
(5.748206853866577, 2)
(6.280555009841919, 0)
(6.801236867904663, 11)
(7.324004888534546, 13)
(7.864775896072388, 49)
(8.40173602104187, 37)
(8.912451028823853, 13)
(9.421370029449463, 27)
(9.946505069732666, 46)
(10.461647987365723, 53)
(10.988095998764038, 51)
(11.523601055145264, 7)
(12.064694881439209, 7)
(12.592278003692627, 12)
(13.109333992004395, 7)
(13.640768051147461, 2)
(14.157469987869263, 29)
(14.66618299484253, 6)
(15.205333948135376, 15)
(15.737405061721802, 29)
(16.272144079208374, 11)
(16.80253791809082, 6)
(17.337962865829468, 6)
(17.874388933181763, 4)
(18.39748501777649, 34)
(18.918498992919922, 43)
(19.444565057754517, 5)
(19.97997498512268, 55)
(20.489629983901978, 48)
(21.007293939590454, 35)
(21.518373012542725, 22)
(22.054849863052368, 45)
(22.579222917556763, 11)
(23.087382078170776, 4)
(23.627635955810547, 2)
(24.15340805053711, 2)
(24.711803913116455, 3)
(25.237793922424316, 0)
(25.77019190788269, 7)
(26.31282687187195, 32)
(26.857645988464355, 58)
(27.378265857696533, 20)
(27.890729904174805, 11)
(28.418386936187744, 10)
(28.928191900253296, 4)
(29.43663191795349, 35)
(29.950350046157837, 31)
(30.46107006072998, 0)
(30.970633029937744, 20)
(31.495311975479126, 43)
(32.02905607223511, 12)
(32.5536630153656, 33)
(33.074092864990234, 46)
(33.60633707046509, 9)
(34.14087104797363, 4)
(34.66359305381775, 9)
(35.18435287475586, 6)
(35.69579601287842, 7)
(36.21005892753601, 15)
(36.86502504348755, 8)
(37.41032385826111, 14)
(37.97776007652283, 7)
(38.50749087333679, 5)
(39.040802001953125, 9)
(39.610625982284546, 4)
(40.14328098297119, 2)
(40.66468000411987, 14)
(41.192338943481445, 4)
(41.71662402153015, 3)
(42.25643801689148, 2)
(42.81074404716492, 14)
(43.35162401199341, 2)
(43.88617491722107, 2)
(44.41354703903198, 2)
(44.94913196563721, 2)
(45.47184205055237, 0)
(45.98383402824402, 0)
(46.50185489654541, 0)
(47.015724897384644, 0)
(47.53684592247009, 0)
(48.08846592903137, 0)
(48.6306209564209, 18)
(49.17130208015442, 9)
(49.69297194480896, 10)
(50.22574496269226, 47)
(50.753952980041504, 10)
(51.28360891342163, 5)
(51.80993294715881, 19)
(52.32998204231262, 46)
(52.84599804878235, 35)
(53.39808487892151, 47)
(53.93641400337219, 16)
(54.46598196029663, 21)
(54.98858690261841, 47)
(55.5375120639801, 42)
(56.06755089759827, 37)
(56.630900859832764, 4)
(57.17719888687134, 2)
(57.73970985412598, 26)
(58.2541298866272, 30)
(58.78084397315979, 16)
(59.332282066345215, 31)
(59.84715795516968, 46)
(60.35991597175598, 10)
(60.89046001434326, 22)
(61.41111397743225, 45)
(61.92711091041565, 4)
(62.44448900222778, 0)
(63.014734983444214, 0)
(63.5553240776062, 0)
(64.08873701095581, 6)
(64.64130306243896, 40)
(65.15759301185608, 36)
(65.72982788085938, 29)
(66.25836086273193, 22)
(66.78739404678345, 19)
(67.32627606391907, 13)
(67.85766196250916, 7)
(68.39422988891602, 5)
(68.91293692588806, 0)
(69.4560170173645, 0)
(69.96967601776123, 0)
(70.48662686347961, 6)
(71.00516605377197, 8)
(71.5397469997406, 4)
(72.07947587966919, 11)
(72.63142585754395, 23)
(73.17375588417053, 15)
(73.72365093231201, 13)
(74.24721598625183, 8)
(74.76989006996155, 11)
(75.30621099472046, 38)
(75.84942197799683, 20)
(76.38877391815186, 6)
(76.91794800758362, 44)
(77.44205403327942, 28)
(77.96726298332214, 7)
(78.52402305603027, 2)
(79.04122495651245, 3)
(79.57166790962219, 7)
(80.09786295890808, 11)
(80.62760186195374, 45)
(81.13832688331604, 36)
(81.66108894348145, 6)
(82.17729806900024, 32)
(82.72210907936096, 43)
(83.24167394638062, 12)
(83.82264399528503, 26)
(84.35816502571106, 31)
(84.89147186279297, 35)
(85.42386102676392, 41)
(85.95158505439758, 6)
(86.48678088188171, 14)
(87.05366706848145, 9)
(87.64092707633972, 6)
(88.15206599235535, 47)
(88.6786859035492, 30)
(89.19804406166077, 29)
(89.72026991844177, 32)
(90.24801802635193, 33)
(90.77285885810852, 21)
(91.3049988746643, 20)
(91.83684086799622, 9)
(92.35046601295471, 25)
(92.86701107025146, 25)
(93.39721488952637, 11)
(93.93298888206482, 20)
(94.46043300628662, 23)
(94.9800980091095, 6)
(95.50377893447876, 5)
(96.02105689048767, 4)
(96.55632996559143, 8)
(97.07601284980774, 2)
(97.61019992828369, 2)
(98.14076495170593, 13)
(98.68463492393494, 6)
(99.2120418548584, 12)
(99.74276089668274, 6)
(100.27256298065186, 4)
(100.79115891456604, 3)
(101.32545495033264, 34)
(101.84628796577454, 26)
(102.39238500595093, 4)
(102.93118286132812, 4)
(103.50892496109009, 39)
(104.0501480102539, 55)
(104.58865189552307, 10)
(105.14987993240356, 7)
(105.75351691246033, 23)
(106.29429793357849, 19)
(106.82918787002563, 26)
(107.35849404335022, 47)
(107.96692085266113, 86)
(108.57354402542114, 14)
(109.10879588127136, 2)
(109.64611601829529, 9)
(110.25865292549133, 3)
(110.8917510509491, 11)
(111.42153906822205, 49)
(111.94506287574768, 53)
(112.48690891265869, 74)
(113.01474785804749, 15)
(113.54026389122009, 34)
(114.06895303726196, 21)
(114.59064292907715, 4)
(115.10686492919922, 46)
(115.62159204483032, 43)
(116.1535279750824, 41)
(116.66899299621582, 32)
(117.18228387832642, 4)
(117.70052194595337, 6)
(118.22529101371765, 25)
(118.74682903289795, 40)
(119.27198886871338, 25)
(119.7826280593872, 70)
(120.30044603347778, 43)
(120.81799387931824, 36)
(121.33777499198914, 30)
(121.84979605674744, 65)
(122.36556386947632, 45)
(122.88306593894958, 54)
(123.40841507911682, 149)
(124.02164101600647, 167)
(124.57804489135742, 148)
(125.09966802597046, 44)
(125.62460899353027, 59)
(126.13765597343445, 63)
(126.66871690750122, 39)
(127.17916703224182, 90)
(127.7093858718872, 8)
(128.22200989723206, 3)
(128.73960995674133, 9)
(129.26434803009033, 42)
(129.7777760028839, 29)
(130.30043292045593, 25)
(130.81828093528748, 46)
(131.34180903434753, 7)
(131.87517499923706, 4)
(132.40256786346436, 2)
(132.92250108718872, 2)
(133.43096089363098, 40)
(133.9435269832611, 67)
(134.46874690055847, 60)
(134.98458194732666, 55)
(135.50817704200745, 62)
(136.04908299446106, 40)
(136.5730700492859, 53)
(137.08851599693298, 45)
(137.61203002929688, 11)
(138.12969303131104, 16)
(138.67569494247437, 5)
(139.19315791130066, 31)
(139.70966005325317, 37)
(140.22469687461853, 39)
(140.7622618675232, 34)
(141.29234385490417, 0)
(141.82575702667236, 5)
(142.33993887901306, 39)
(142.885586977005, 25)
(143.4116849899292, 45)
(143.94367504119873, 27)
(144.48682188987732, 8)
(145.01105785369873, 4)
(145.5477330684662, 5)
(146.08242201805115, 21)
(146.61565804481506, 4)
(147.16453194618225, 2)
(147.67433285713196, 2)
(148.21644806861877, 31)
(148.74360704421997, 13)
(149.26214003562927, 11)
(149.779620885849, 6)
(150.28752493858337, 6)
(150.79578304290771, 5)
(151.34953904151917, 1)
(151.87651991844177, 0)
(152.4062910079956, 0)
(152.92658495903015, 0)
(153.46080803871155, 0)
(153.9981029033661, 1)
(154.52835893630981, 12)
(155.04875802993774, 10)
(155.58597087860107, 4)
(156.10553693771362, 4)
(156.63428401947021, 4)
(157.15372395515442, 2)
(157.67381405830383, 0)
(158.19649004936218, 6)
(158.71583604812622, 2)
(159.24045586585999, 2)
(159.7647180557251, 22)
(160.28343605995178, 42)
(160.79771089553833, 33)
(161.32140398025513, 37)
(161.84585404396057, 6)
(162.3614468574524, 40)
(162.88030099868774, 20)
(163.39092087745667, 41)
(163.90263605117798, 24)
(164.42588686943054, 0)
(164.93670392036438, 5)
(165.48207592964172, 2)
(166.02367901802063, 11)
(166.55400204658508, 4)
(167.08285093307495, 5)
(167.63798904418945, 8)
(168.16021394729614, 4)
(168.6854829788208, 3)
(169.21950888633728, 7)
(169.75207901000977, 4)
(170.27565789222717, 2)
(170.78796696662903, 2)
(171.31505489349365, 2)
(171.86983799934387, 43)
(172.39676904678345, 39)
(172.9207558631897, 45)
(173.44991993904114, 37)
(173.97649908065796, 7)
(174.50044107437134, 4)
(175.02551102638245, 4)
(175.56366086006165, 4)
(176.1051230430603, 12)
(176.63174891471863, 2)
(177.15622806549072, 60)
(177.69614386558533, 36)
(178.23622298240662, 7)
(178.76105499267578, 4)
(179.28973507881165, 4)
(179.8137068748474, 2)
(180.3469159603119, 6)
(180.87462902069092, 2)
(181.39275693893433, 4)
(181.94627690315247, 12)
(182.4680540561676, 6)
(182.9888939857483, 12)
(183.5238699913025, 26)
(184.04956698417664, 20)
(184.56550192832947, 9)
(185.08921003341675, 8)
(185.6215250492096, 18)
(186.15280103683472, 7)
(186.69137001037598, 2)
(187.21535897254944, 26)
(187.7525758743286, 47)
(188.30263090133667, 34)
(188.83693194389343, 74)
(189.34279894828796, 45)
(189.86597204208374, 12)
(190.3836989402771, 63)
(190.9004008769989, 66)
(191.41724705696106, 49)
(191.93399691581726, 9)
(192.46146702766418, 44)
(192.97787404060364, 30)
(193.51407289505005, 46)
(194.03678488731384, 26)
(194.57901287078857, 8)
(195.10576105117798, 4)
(195.61403107643127, 11)
(196.14101886749268, 56)
(196.700945854187, 46)
(197.21670293807983, 5)
(197.75404596328735, 2)
(198.2839629650116, 33)
(198.81735706329346, 67)
(199.34330201148987, 33)
(199.86463499069214, 0)
(200.37389993667603, 21)
(200.9119110107422, 27)
(201.43926787376404, 42)
(201.96396899223328, 42)
(202.47354888916016, 9)
(202.9971640110016, 6)
(203.52098894119263, 8)
(204.04408597946167, 3)
(204.58878588676453, 22)
(205.10912704467773, 53)
(205.63523507118225, 35)
(206.1652810573578, 25)
(206.68586492538452, 11)
(207.21207189559937, 25)
(207.72368788719177, 18)
(208.2390398979187, 47)
(208.7540099620819, 20)
(209.26281905174255, 2)
(209.80337405204773, 1)
(210.35195994377136, 16)
(210.87167406082153, 4)
(211.3815040588379, 2)
(211.90320205688477, 2)
(212.4205858707428, 2)
(212.94204998016357, 11)
(213.46811389923096, 16)
(213.99797296524048, 45)
(214.53258895874023, 31)
(215.04209208488464, 27)
(215.55261206626892, 45)
(216.09938406944275, 51)
(216.60895586013794, 35)
(217.1367690563202, 28)
(217.6720860004425, 40)
(218.19785904884338, 4)
(218.71215796470642, 2)
(219.23983693122864, 37)
(219.7559220790863, 59)
(220.28568291664124, 20)
(220.80449104309082, 5)
(221.3204050064087, 4)
(221.84016108512878, 4)
(222.36238408088684, 3)
(222.88013195991516, 0)
(223.40220999717712, 0)
(223.95398688316345, 41)
(224.47159099578857, 33)
(224.98032402992249, 41)
(225.4956660270691, 54)
(226.01991391181946, 42)
(226.5597710609436, 30)
(227.07962489128113, 40)
(227.64225387573242, 0)
(228.15828108787537, 13)
(228.68225288391113, 42)
(229.19817399978638, 17)
(229.71289896965027, 2)
(230.22298288345337, 2)
(230.7314350605011, 2)
(231.2414710521698, 2)
(231.829421043396, 45)
(232.356271982193, 48)
(232.91007494926453, 87)
(233.44112300872803, 31)
(233.96809005737305, 14)
(234.4783730506897, 17)
(234.997318983078, 14)
(235.50404906272888, 6)
(236.01430892944336, 5)
(236.52379298210144, 4)
(237.0442578792572, 12)
(237.58304500579834, 45)
(238.10134100914001, 58)
(238.61350893974304, 35)
(239.12626791000366, 22)
(239.63905906677246, 6)
(240.1507749557495, 2)
(240.66350197792053, 3)
(241.17229104042053, 0)
(241.71254205703735, 0)
(242.25011086463928, 0)
(242.7682399749756, 6)
(243.27695298194885, 2)
(243.78641390800476, 40)
(244.31074905395508, 14)
(244.81898307800293, 22)
(245.36507987976074, 49)
(245.90994501113892, 14)
(246.4177758693695, 4)
(246.93585801124573, 4)
(247.4484338760376, 10)
(247.98803901672363, 4)
(248.4956979751587, 12)
(249.0038869380951, 17)
(249.5361349582672, 15)
(250.04358887672424, 6)
(250.5660219192505, 36)
(251.10770392417908, 20)
(251.63043999671936, 9)
(252.15609693527222, 32)
(252.67992305755615, 20)
(253.21304988861084, 12)
(253.74631690979004, 9)
(254.26400303840637, 7)
(254.79237508773804, 24)
(255.30210089683533, 42)
(255.81291103363037, 14)
(256.3690609931946, 9)
(256.8890519142151, 6)
(257.41582202911377, 4)
(257.9596450328827, 2)
(258.4930670261383, 10)
(259.0074849128723, 12)
(259.5370759963989, 4)
(260.06226086616516, 8)
(260.58857703208923, 7)
(261.1420519351959, 37)
(261.68610405921936, 35)
(262.1964159011841, 2)
(262.7091040611267, 1)
(263.2180519104004, 3)
(263.73141503334045, 3)
(264.2664179801941, 3)
(264.7965829372406, 2)
(265.31784296035767, 2)
(265.83908891677856, 1)
(266.3911349773407, 5)
(266.9064519405365, 8)
(267.44514989852905, 83)
(267.9689259529114, 59)
(268.48743987083435, 43)
(269.01385593414307, 10)
(269.5396029949188, 9)
(270.04853987693787, 2)
(270.5845830440521, 10)
(271.1481599807739, 56)
(271.6854479312897, 14)
(272.21081495285034, 2)
(272.7270140647888, 2)
(273.2403199672699, 2)
(273.75532388687134, 0)
(274.2720949649811, 2)
(274.8155620098114, 63)
(275.3787660598755, 62)
(275.91546392440796, 15)
(276.44168496131897, 3)
(276.959419965744, 2)
(277.48098587989807, 13)
(278.0131359100342, 20)
(278.52587604522705, 44)
(279.04571294784546, 18)
(279.5802800655365, 4)
(280.09953808784485, 4)
(280.62228894233704, 14)
(281.1361849308014, 2)
(281.6579990386963, 2)
(282.18174386024475, 2)
(282.6978120803833, 7)
(283.2239360809326, 16)
(283.7470769882202, 2)
(284.2708420753479, 2)
(284.7801730632782, 14)
(285.3115019798279, 7)
(285.8303039073944, 4)
(286.3516778945923, 13)
(286.8724329471588, 6)
(287.3844349384308, 4)
(287.92440390586853, 19)
(288.4442398548126, 52)
(288.9531819820404, 83)
(289.4807450771332, 10)
(290.0070250034332, 3)
(290.5348439216614, 1)
(291.0540518760681, 0)
(291.5817289352417, 0)
(292.09742188453674, 12)
(292.62669706344604, 18)
(293.190584897995, 12)
(293.70986104011536, 29)
(294.2343969345093, 25)
(294.7619400024414, 21)
(295.2856168746948, 10)
(295.79700994491577, 8)
(296.32747197151184, 15)
(296.8707060813904, 61)
(297.3874020576477, 67)
(297.90974593162537, 92)
(298.42469000816345, 26)
(298.9581980705261, 10)
(299.476007938385, 7)
(299.996013879776, 4)
(300.5103669166565, 4)
(301.02497005462646, 46)
(301.53648591041565, 34)
(302.0779559612274, 4)
(302.58575201034546, 4)
(303.0959270000458, 4)
(303.62550592422485, 4)
(304.1461980342865, 8)
(304.6644968986511, 2)
(305.1918420791626, 2)
(305.70970487594604, 2)
(306.23774886131287, 2)
(306.7732310295105, 5)
(307.2851929664612, 2)
(307.81457686424255, 2)
(308.35297989845276, 2)
(308.8827049732208, 3)
(309.41376304626465, 0)
(309.9415159225464, 26)
(310.46487307548523, 41)
(310.9825248718262, 41)
(311.49751591682434, 8)
(312.0186879634857, 0)
(312.54401087760925, 0)
(313.0720179080963, 0)
(313.60081791877747, 0)
(314.11551785469055, 0)
(314.6426088809967, 0)
(315.17453598976135, 0)
(315.7021429538727, 7)
(316.22998094558716, 2)
(316.7715699672699, 43)
(317.2910258769989, 47)
(317.81007194519043, 36)
(318.3350830078125, 8)
(318.8620638847351, 13)
(319.39005398750305, 8)
(319.91809701919556, 13)
(320.4448609352112, 4)
(320.976145029068, 4)
(321.49973797798157, 2)
(322.0150909423828, 2)
(322.53976488113403, 1)
(323.06396102905273, 0)
(323.5923340320587, 0)
(324.1191818714142, 0)
(324.64775490760803, 0)
(325.1750900745392, 7)
(325.6999480724335, 58)
(326.24299907684326, 30)
(326.77400493621826, 42)
(327.305095911026, 49)
(327.8183660507202, 2)
(328.334125995636, 0)
(328.8522400856018, 34)
(329.3900330066681, 32)
(329.90540289878845, 0)
(330.4522979259491, 0)
(330.9837419986725, 0)
(331.5161249637604, 15)
(332.05953788757324, 15)
(332.6569449901581, 23)
(333.1978089809418, 33)
(333.7879559993744, 21)
(334.32715106010437, 9)
(334.84700298309326, 16)
(335.38506388664246, 56)
(335.89775490760803, 17)
(336.4125249385834, 40)
(336.95223808288574, 43)
(337.4844300746918, 5)
(338.0032980442047, 10)
(338.51400208473206, 3)
(339.03697085380554, 29)
(339.55484890937805, 44)
(340.07045793533325, 29)
(340.6244089603424, 62)
(341.1434290409088, 28)
(341.66628098487854, 9)
(342.1859838962555, 6)
(342.7073838710785, 6)
(343.2307798862457, 1)
(343.7653260231018, 8)
(344.2866270542145, 11)
(344.80403304100037, 55)
(345.33440804481506, 66)
(345.85908102989197, 20)
(346.3759400844574, 18)
(346.893856048584, 43)
(347.4109489917755, 20)
(347.95201992988586, 3)
(348.4847660064697, 1)
(349.00115299224854, 40)
(349.52395701408386, 30)
(350.0421290397644, 2)
(350.5630340576172, 4)
(351.10230588912964, 56)
(351.6399779319763, 62)
(352.16158294677734, 23)
(352.68520188331604, 16)
(353.2095880508423, 20)
(353.74210000038147, 27)
(354.2737009525299, 57)
(354.7934169769287, 6)
(355.30619502067566, 9)
(355.828008890152, 6)
(356.355535030365, 5)
(356.8957550525665, 11)
(357.4455020427704, 10)
(357.96348786354065, 31)
(358.47382497787476, 66)
(358.9918110370636, 46)
(359.5126299858093, 2)
(360.0491769313812, 0)
(360.58151388168335, 0)
(361.10821294784546, 5)
(361.6299059391022, 2)
(362.15920186042786, 9)
(362.6874589920044, 28)
(363.20908093452454, 56)
(363.74337887763977, 14)
(364.2696568965912, 19)
(364.79433703422546, 52)
(365.3194799423218, 61)
(365.83272194862366, 64)
(366.36948108673096, 23)
(366.8838839530945, 34)
(367.41041803359985, 21)
(367.93419098854065, 44)
(368.44456601142883, 20)
(368.9776859283447, 25)
(369.4941930770874, 6)
(370.00435304641724, 11)
(370.5300750732422, 18)
(371.04486203193665, 11)
(371.55830907821655, 15)
(372.07143807411194, 10)
(372.5881099700928, 11)
(373.1104838848114, 35)
(373.6261670589447, 6)
(374.1440780162811, 16)
(374.68924498558044, 30)
(375.2082839012146, 9)
(375.7340099811554, 13)
(376.2517440319061, 8)
(376.77250695228577, 6)
(377.29176902770996, 14)
(377.80974292755127, 4)
(378.33277893066406, 2)
(378.85452008247375, 2)
(379.3722369670868, 2)
(379.8944809436798, 23)
(380.4146740436554, 41)
(380.9476828575134, 22)
(381.47988295555115, 79)
(382.00268507003784, 55)
(382.5333318710327, 24)
(383.0734210014343, 34)
(383.5962860584259, 2)
(384.12843894958496, 6)
(384.66756296157837, 14)
(385.2059590816498, 46)
(385.73353004455566, 25)
(386.2596938610077, 13)
(386.7715048789978, 5)
(387.29965901374817, 2)
(387.8163628578186, 41)
(388.33446502685547, 58)
(388.8564450740814, 60)
(389.3764679431915, 52)
(389.8992190361023, 46)
(390.43097400665283, 77)
(390.96217489242554, 64)
(391.48642587661743, 40)
(392.00811886787415, 88)
(392.5385060310364, 37)
(393.062077999115, 6)
(393.5943138599396, 13)
(394.1220290660858, 3)
(394.6351180076599, 10)
(395.1574549674988, 21)
(395.66573905944824, 6)
(396.1742639541626, 5)
(396.69093894958496, 4)
(397.2021129131317, 10)
(397.7136859893799, 2)
(398.22931599617004, 2)
(398.75812101364136, 2)
(399.275279045105, 2)
(399.7930450439453, 0)
(400.3338119983673, 0)
(400.8497898578644, 6)
(401.37330198287964, 2)
(401.90579295158386, 2)
(402.4293758869171, 2)
(402.94972586631775, 2)
(403.4731869697571, 0)
(403.9958510398865, 0)
(404.5146360397339, 0)
(405.02986192703247, 8)
(405.5392999649048, 2)
(406.0481059551239, 2)
(406.5655949115753, 2)
(407.1003210544586, 12)
(407.61902689933777, 5)
(408.141695022583, 5)
(408.66817688941956, 10)
(409.205393075943, 49)
(409.73269295692444, 45)
(410.25556206703186, 52)
(410.7923538684845, 18)
(411.3380000591278, 12)
(411.8626608848572, 10)
(412.381973028183, 4)
(412.90169286727905, 1)
(413.4231219291687, 0)
(413.95309686660767, 0)
(414.47283005714417, 0)
(415.0056080818176, 16)
(415.5327169895172, 29)
(416.07838892936707, 46)
(416.64484906196594, 29)
(417.20025396347046, 26)
(417.71750688552856, 4)
(418.2294189929962, 8)
(418.74483585357666, 10)
(419.25561594963074, 6)
(419.76579689979553, 13)
(420.28291487693787, 7)
(420.801069021225, 4)
(421.3399090766907, 2)
(421.8496539592743, 11)
(422.3594720363617, 2)
(422.86828804016113, 7)
(423.38615703582764, 41)
(423.8938980102539, 4)
(424.40171790122986, 3)
(424.9123110771179, 11)
(425.43691205978394, 4)
(425.9995150566101, 10)
(426.5322120189667, 4)
(427.05517387390137, 13)
(427.5800070762634, 44)
(428.1107919216156, 27)
(428.6400408744812, 25)
(429.16096091270447, 42)
(429.67207503318787, 47)
(430.2431049346924, 9)
(430.7730059623718, 3)
(431.2887580394745, 0)
(431.81362104415894, 0)
(432.3327958583832, 4)
(432.8535089492798, 4)
(433.3796670436859, 2)
(433.90144205093384, 63)
(434.4212079048157, 42)
(434.94598388671875, 24)
(435.46513295173645, 6)
(435.98595690727234, 6)
(436.50973105430603, 13)
(437.028981924057, 32)
(437.55224800109863, 27)
(438.06826090812683, 2)
(438.59580302238464, 2)
(439.1115539073944, 0)
(439.6299500465393, 6)
(440.1436710357666, 16)
(440.67441987991333, 4)
(441.1959879398346, 4)
(441.70561504364014, 4)
(442.22359704971313, 18)
(442.7499089241028, 11)
(443.2874698638916, 10)
(443.80860805511475, 6)
(444.34594106674194, 7)
(444.8810200691223, 3)
(445.40878105163574, 12)
(445.9399960041046, 2)
(446.48143196105957, 2)
(447.01277589797974, 2)
(447.5381848812103, 9)
(448.0678949356079, 25)
(448.61239886283875, 44)
(449.12817096710205, 4)
(449.63729786872864, 2)
(450.1621458530426, 0)
(450.6810839176178, 0)
(451.2051420211792, 0)
(451.73182106018066, 0)
(452.2515070438385, 8)
(452.7837538719177, 10)
(453.3079080581665, 29)
(453.8148350715637, 102)
(454.3332178592682, 92)
(454.852814912796, 6)
(455.3976888656616, 6)
(455.9222900867462, 9)
(456.4360148906708, 3)
(456.9763879776001, 38)
(457.4929618835449, 17)
(458.03092408180237, 16)
(458.55300188064575, 29)
(459.0749969482422, 44)
(459.6016550064087, 23)
(460.121906042099, 4)
(460.6420159339905, 11)
(461.1587688922882, 3)
(461.67644906044006, 13)
(462.2016508579254, 24)
(462.7238440513611, 45)
(463.2374310493469, 16)
(463.76431107521057, 4)
(464.27381801605225, 3)
(464.78508591651917, 14)
(465.3081979751587, 43)
(465.8220839500427, 13)
(466.3297760486603, 0)
(466.83802103996277, 0)
(467.34877705574036, 0)
(467.8630199432373, 0)
(468.37432193756104, 0)
(468.8839600086212, 0)
(469.39425802230835, 11)
(469.90308594703674, 39)
(470.40922594070435, 15)
(470.92418789863586, 31)
(471.4343068599701, 42)
(471.96297907829285, 71)
(472.4851779937744, 55)
(473.01539492607117, 28)
(473.5552179813385, 6)
(474.0744118690491, 15)
(474.5975069999695, 6)
(475.1252429485321, 13)
(475.6429579257965, 45)
(476.16327691078186, 35)
(476.67963790893555, 31)
(477.20542907714844, 24)
(477.7194540500641, 22)
(478.2325429916382, 6)
(478.7452778816223, 13)
(479.2711489200592, 8)
(479.7975149154663, 4)
(480.3182909488678, 2)
(480.8381989002228, 36)
(481.37321496009827, 41)
(481.89356803894043, 2)
(482.41429686546326, 2)
(482.9314079284668, 2)
(483.4578459262848, 8)
(484.008229970932, 8)
(484.53109097480774, 25)
(485.0638768672943, 49)
(485.6163799762726, 62)
(486.1303639411926, 6)
(486.6496820449829, 9)
(487.1638538837433, 9)
(487.67805194854736, 4)
(488.20240592956543, 4)
(488.72432708740234, 13)
(489.2442979812622, 4)
(489.7740399837494, 21)
(490.29525995254517, 43)
(490.8222110271454, 13)
(491.3412048816681, 24)
(491.86375308036804, 58)
(492.3841960430145, 30)
(492.9035029411316, 8)
(493.4228689670563, 7)
(493.9449510574341, 23)
(494.4532289505005, 4)
(494.9724678993225, 8)
(495.4822199344635, 6)
(496.0003809928894, 11)
(496.5142080783844, 11)
(497.0234360694885, 6)
(497.53225088119507, 21)
(498.04350686073303, 49)
(498.554251909256, 29)
(499.067214012146, 44)
(499.5762710571289, 16)
(500.0884850025177, 44)
(500.6031918525696, 44)
(501.1124608516693, 8)
(501.622190952301, 4)
(502.1294639110565, 23)
(502.6391818523407, 56)
(503.15178990364075, 41)
(503.6667408943176, 48)
(504.17751908302307, 46)
(504.7034709453583, 56)
(505.25023889541626, 17)
(505.75944805145264, 9)
(506.27555990219116, 2)
(506.78350496292114, 24)
(507.2973880767822, 35)
(507.8200469017029, 3)
(508.33046793937683, 0)
(508.8411018848419, 0)
(509.3559260368347, 0)
(509.86551785469055, 8)
(510.3770339488983, 14)
(510.8935430049896, 7)
(511.41793608665466, 26)
(511.9342460632324, 44)
(512.4463510513306, 3)
(512.9565629959106, 36)
(513.4811520576477, 59)
(514.0123629570007, 4)
(514.5408370494843, 14)
(515.0646860599518, 10)
(515.5921909809113, 39)
(516.1159238815308, 7)
(516.6406638622284, 46)
(517.2144060134888, 45)
(517.7330169677734, 56)
(518.252760887146, 15)
(518.7695488929749, 12)
(519.2947089672089, 28)
(519.8124918937683, 33)
(520.3319799900055, 8)
(520.8523960113525, 8)
(521.3716380596161, 8)
(521.8903799057007, 8)
(522.4045729637146, 1)
(522.9375200271606, 1)
(523.4635498523712, 17)
(523.9863629341125, 45)
(524.5076179504395, 23)
(525.0263879299164, 12)
(525.5356118679047, 12)
(526.0454020500183, 4)
(526.5535650253296, 4)
(527.0768239498138, 41)
(527.615709066391, 30)
(528.1488180160522, 0)
(528.6699800491333, 0)
(529.1845378875732, 45)
(529.7130949497223, 69)
(530.2257540225983, 12)
(530.735102891922, 7)
(531.2449240684509, 4)
(531.7835578918457, 4)
(532.2948069572449, 33)
(532.8085520267487, 59)
(533.3396310806274, 57)
(533.8632640838623, 36)
(534.3799848556519, 57)
(534.9037320613861, 38)
(535.4275999069214, 38)
(535.9426550865173, 10)
(536.4527959823608, 0)
(536.972452878952, 18)
(537.5055119991302, 38)
(538.0346930027008, 9)
(538.5675339698792, 0)
(539.0964920520782, 0)
(539.6248168945312, 9)
(540.1486740112305, 17)
(540.661819934845, 44)
(541.1887719631195, 42)
(541.7078070640564, 7)
(542.2154779434204, 16)
(542.7257859706879, 8)
(543.2336368560791, 31)
(543.7536768913269, 31)
(544.2858879566193, 25)
(544.7989130020142, 8)
(545.3266010284424, 14)
(545.8360090255737, 8)
(546.3568680286407, 6)
(546.8921849727631, 31)
(547.438579082489, 63)
(547.9591228961945, 5)
(548.488667011261, 5)
(549.0253069400787, 4)
(549.5703639984131, 38)
(550.0940930843353, 19)
(550.6038570404053, 2)
(551.124783039093, 2)
(551.6499669551849, 4)
(552.168839931488, 25)
(552.6934609413147, 8)
(553.2018709182739, 47)
(553.7256798744202, 28)
(554.2458939552307, 42)
(554.7676379680634, 29)
(555.3064830303192, 8)
(555.8262870311737, 3)
(556.3432168960571, 2)
(556.8628568649292, 11)
(557.3829469680786, 4)
(557.9056649208069, 9)
(558.4253270626068, 15)
(558.9560520648956, 18)
(559.4878680706024, 6)
(560.0271000862122, 12)
(560.5487968921661, 13)
(561.063863992691, 6)
(561.583652973175, 4)
(562.1045799255371, 4)
(562.6249270439148, 2)
(563.1438889503479, 17)
(563.6807169914246, 42)
(564.2044448852539, 27)
(564.735230922699, 42)
(565.2479889392853, 2)
(565.788666009903, 1)
(566.2971498966217, 0)
(566.8159689903259, 0)
(567.3287320137024, 9)
(567.8421559333801, 18)
(568.3682000637054, 6)
(568.896381855011, 25)
(569.4222500324249, 80)
(569.9442088603973, 56)
(570.4699370861053, 43)
(570.9871819019318, 16)
(571.510488986969, 42)
(572.0180950164795, 34)
(572.5318689346313, 47)
(573.0794370174408, 14)
(573.6049618721008, 3)
(574.1336560249329, 8)
(574.6633379459381, 2)
(575.1880769729614, 7)
(575.7170958518982, 12)
(576.2615699768066, 5)
(576.7761719226837, 11)
(577.2891218662262, 6)
(577.8026208877563, 39)
(578.3330249786377, 63)
(578.8527710437775, 11)
(579.3707950115204, 13)
(579.8795669078827, 8)
(580.3879179954529, 13)
(580.8976318836212, 30)
(581.4191579818726, 45)
(581.9310870170593, 7)
(582.4557728767395, 9)
(582.978847026825, 8)
(583.5160279273987, 2)
(584.0457379817963, 3)
(584.56960105896, 8)
(585.0871748924255, 12)
(585.6300439834595, 14)
(586.1478319168091, 6)
(586.6793038845062, 16)
(587.2131650447845, 60)
(587.7416529655457, 48)
(588.2524130344391, 44)
(588.7943890094757, 0)
(589.3373138904572, 0)
(589.8441979885101, 0)
(590.3548829555511, 0)
(590.8806049823761, 0)
(591.3991260528564, 8)
(591.9281160831451, 2)
(592.4473390579224, 2)
(592.9654140472412, 2)
(593.4781360626221, 2)
(593.9879460334778, 18)
(594.5092298984528, 10)
(595.0343179702759, 4)
(595.5611119270325, 4)
(596.0884730815887, 10)
(596.6271169185638, 4)
(597.1498889923096, 37)
(597.6776390075684, 35)
(598.2092649936676, 2)
(598.732668876648, 1)
(599.2405228614807, 0)
(599.7554960250854, 0)
(600.3138899803162, 40)
(600.838152885437, 25)
(601.3603389263153, 0)
(601.8820779323578, 6)
(602.4053900241852, 2)
(602.92520403862, 8)
(603.4541079998016, 4)
(603.9732999801636, 4)
(604.529932975769, 3)
(605.0591268539429, 3)
(605.5804040431976, 9)
(606.1121060848236, 46)
(606.637316942215, 22)
(607.1554908752441, 2)
(607.6735620498657, 2)
(608.2062730789185, 8)
(608.7295680046082, 2)
(609.2605400085449, 2)
(609.7811100482941, 39)
(610.3020029067993, 30)
(610.8221340179443, 13)
(611.3393650054932, 10)
(611.8555750846863, 16)
(612.3813369274139, 34)
(612.903599023819, 19)
(613.429260969162, 4)
(613.9555430412292, 24)
(614.5001878738403, 15)
(615.0179579257965, 15)
(615.5512309074402, 29)
(616.0794389247894, 16)
(616.6091520786285, 8)
(617.1354360580444, 6)
(617.6542608737946, 6)
(618.1823818683624, 2)
(618.6981539726257, 0)
(619.2103610038757, 10)
(619.7220878601074, 2)
(620.2451388835907, 2)
(620.7543430328369, 2)
(621.2640750408173, 2)
(621.7738139629364, 1)
(622.2835619449615, 5)
(622.7925260066986, 9)
(623.3246150016785, 4)
(623.849860906601, 17)
(624.3822770118713, 21)
(624.9093549251556, 37)
(625.4376349449158, 49)
(625.9743800163269, 11)
(626.50257396698, 12)
(627.010390996933, 23)
(627.5172488689423, 43)
(628.0468299388885, 44)
(628.5663120746613, 20)
(629.0850129127502, 6)
(629.6191160678864, 7)
(630.1974248886108, 21)
