(0, 0)
(0.5014111995697021, 7)
(1.0231812000274658, 43)
(1.5472791194915771, 37)
(2.0668230056762695, 4)
(2.584642171859741, 4)
(3.102385997772217, 2)
(3.6290581226348877, 23)
(4.161266088485718, 2)
(4.684264183044434, 2)
(5.198819160461426, 2)
(5.718713998794556, 2)
(6.235177993774414, 0)
(6.747809171676636, 7)
(7.266081094741821, 17)
(7.810477018356323, 39)
(8.363133192062378, 13)
(8.873882055282593, 14)
(9.395474195480347, 27)
(9.91007113456726, 18)
(10.430874109268188, 46)
(10.981572151184082, 30)
(11.509874105453491, 5)
(12.061264991760254, 4)
(12.581252098083496, 8)
(13.103963136672974, 4)
(13.622521162033081, 2)
(14.16377305984497, 29)
(14.692164182662964, 6)
(15.213880062103271, 16)
(15.735414028167725, 28)
(16.261592149734497, 11)
(16.782294034957886, 6)
(17.296223163604736, 6)
(17.81276297569275, 4)
(18.33061718940735, 31)
(18.849349975585938, 14)
(19.36541509628296, 2)
(19.89210796356201, 39)
(20.403592109680176, 31)
(20.93029499053955, 6)
(21.44017219543457, 17)
(21.95284414291382, 20)
(22.461820125579834, 8)
(22.9754900932312, 4)
(23.48362398147583, 3)
(23.996448040008545, 2)
(24.54476499557495, 2)
(25.16453719139099, 1)
(25.68307113647461, 4)
(26.199146032333374, 24)
(26.7358341217041, 44)
(27.256797075271606, 16)
(27.797904014587402, 10)
(28.34088706970215, 9)
(28.856836080551147, 4)
(29.386598110198975, 34)
(29.917237043380737, 2)
(30.437947034835815, 0)
(30.946640968322754, 19)
(31.45742702484131, 22)
(31.98127508163452, 2)
(32.508522033691406, 23)
(33.05979800224304, 24)
(33.659497022628784, 0)
(34.28187704086304, 9)
(34.80072212219238, 3)
(35.32817602157593, 13)
(35.85391306877136, 22)
(36.37422299385071, 4)
(37.01735496520996, 17)
(37.545008182525635, 6)
(38.06468105316162, 6)
(38.582399129867554, 5)
(39.12508010864258, 9)
(39.640774965286255, 3)
(40.15555214881897, 2)
(40.69916915893555, 14)
(41.21190905570984, 4)
(41.725614070892334, 3)
(42.25331997871399, 2)
(42.776983976364136, 14)
(43.3117880821228, 2)
(43.8324761390686, 2)
(44.44509506225586, 2)
(44.96878218650818, 2)
(45.489585161209106, 0)
(46.00320911407471, 0)
(46.52196717262268, 0)
(47.0416259765625, 0)
(47.55537700653076, 0)
(48.07408118247986, 0)
(48.641371965408325, 20)
(49.29676103591919, 7)
(49.860318183898926, 20)
(50.44629502296448, 32)
(51.178261041641235, 7)
(51.70317316055298, 9)
(52.26075005531311, 37)
(52.778340101242065, 11)
(53.29887914657593, 33)
(53.823989152908325, 4)
(54.650439977645874, 39)
(55.163042068481445, 18)
(55.67751908302307, 26)
(56.205432176589966, 2)
(56.72016906738281, 2)
(57.23587703704834, 5)
(57.75855207443237, 22)
(58.293291091918945, 37)
(58.81803607940674, 45)
(59.333736181259155, 8)
(59.87940716743469, 8)
(60.41602611541748, 2)
(60.94773817062378, 35)
(61.45844602584839, 0)
(61.967199087142944, 0)
(62.4861421585083, 0)
(63.00164198875427, 0)
(63.51734900474548, 0)
(64.03903198242188, 5)
(64.56773614883423, 35)
(65.08940696716309, 6)
(65.60922598838806, 36)
(66.1288411617279, 19)
(66.67090511322021, 6)
(67.28522610664368, 7)
(67.81587100028992, 6)
(68.34932518005371, 4)
(68.92727017402649, 0)
(69.4901921749115, 0)
(70.0136251449585, 0)
(70.52139115333557, 6)
(71.0400390625, 8)
(71.55380606651306, 4)
(72.06753897666931, 13)
(72.58716607093811, 18)
(73.09649705886841, 15)
(73.61259508132935, 15)
(74.143306016922, 8)
(74.65306210517883, 7)
(75.16918110847473, 39)
(75.69544696807861, 18)
(76.22118806838989, 4)
(76.7488420009613, 33)
(77.3255569934845, 5)
(77.91073417663574, 7)
(78.81560206413269, 3)
(79.35636711120605, 3)
(79.88110399246216, 15)
(80.39279508590698, 25)
(80.90856409072876, 19)
(81.42523503303528, 11)
(81.94592118263245, 14)
(82.4666850566864, 29)
(82.99039101600647, 4)
(83.51504111289978, 36)
(84.0437560081482, 0)
(84.59346318244934, 44)
(85.1411759853363, 2)
(85.6569151878357, 2)
(86.21255207061768, 8)
(86.76053619384766, 9)
(87.30709910392761, 6)
(87.88051199913025, 16)
(88.62144207954407, 51)
(89.20615601539612, 28)
(89.72955107688904, 15)
(90.25124216079712, 47)
(90.76405906677246, 15)
(91.28517413139343, 2)
(91.85045313835144, 4)
(92.36314296722412, 8)
(92.90377116203308, 6)
(93.45746517181396, 4)
(94.00926208496094, 16)
(94.55586218833923, 7)
(95.06766414642334, 6)
(95.58925819396973, 4)
(96.10495114326477, 3)
(96.62570405006409, 8)
(97.16819310188293, 3)
(97.72911310195923, 2)
(98.25475907325745, 14)
(98.80547499656677, 4)
(99.33212208747864, 14)
(99.85488200187683, 4)
(100.378741979599, 4)
(100.89741396903992, 8)
(101.41521716117859, 36)
(101.96324515342712, 16)
(102.50395202636719, 2)
(103.05920505523682, 3)
(103.58492016792297, 42)
(104.10860705375671, 20)
(104.62833309173584, 6)
(105.14801502227783, 6)
(105.67072319984436, 19)
(106.19263100624084, 32)
(106.70513319969177, 27)
(107.2258710861206, 23)
(107.7585301399231, 15)
(108.28176403045654, 2)
(108.81312417984009, 2)
(109.33114504814148, 7)
(109.86256217956543, 4)
(110.41550517082214, 17)
(110.93315315246582, 42)
(111.45877003669739, 14)
(111.97201013565063, 50)
(112.48715114593506, 6)
(113.00886607170105, 7)
(113.52829599380493, 4)
(114.03707003593445, 1)
(114.54677605628967, 0)
(115.07052111625671, 48)
(115.59173512458801, 37)
(116.10029315948486, 10)
(116.61001420021057, 6)
(117.11972403526306, 6)
(117.62945914268494, 44)
(118.141184091568, 63)
(118.64976215362549, 13)
(119.17037010192871, 11)
(119.68539714813232, 49)
(120.20339012145996, 37)
(120.73127317428589, 17)
(121.2509171962738, 25)
(121.76403498649597, 19)
(122.27685499191284, 4)
(122.79376697540283, 41)
(123.31645512580872, 3)
(123.83897614479065, 5)
(124.35740900039673, 1)
(124.88132619857788, 15)
(125.39896512031555, 18)
(125.92288208007812, 20)
(126.45674300193787, 10)
(126.97640299797058, 2)
(127.49149918556213, 1)
(128.02136898040771, 0)
(128.54635310173035, 5)
(129.06407499313354, 28)
(129.58303499221802, 12)
(130.10099816322327, 8)
(130.6326780319214, 31)
(131.14863300323486, 8)
(131.66626119613647, 4)
(132.19261503219604, 2)
(132.72610211372375, 2)
(133.24261498451233, 36)
(133.76446104049683, 52)
(134.2991111278534, 43)
(134.8219120502472, 6)
(135.34175896644592, 29)
(135.86539006233215, 15)
(136.39839506149292, 5)
(136.92096304893494, 9)
(137.46103310585022, 2)
(137.99125909805298, 2)
(138.5090081691742, 3)
(139.03179907798767, 24)
(139.60945510864258, 11)
(140.13609719276428, 34)
(140.6504111289978, 0)
(141.20350003242493, 0)
(141.71420907974243, 0)
(142.22172808647156, 36)
(142.74036407470703, 0)
(143.27604508399963, 5)
(143.80016207695007, 2)
(144.40329504013062, 8)
(144.92509412765503, 4)
(145.44097805023193, 4)
(145.96556997299194, 12)
(146.9532380104065, 15)
(147.48206305503845, 2)
(148.00909304618835, 15)
(148.51977705955505, 28)
(149.04118418693542, 11)
(149.56987500190735, 6)
(150.08865809440613, 4)
(150.60649919509888, 3)
(151.11661219596863, 2)
(151.66083908081055, 0)
(152.18128514289856, 0)
(152.7000880241394, 0)
(153.2258529663086, 0)
(153.7597930431366, 0)
(154.33329916000366, 12)
(154.8816041946411, 10)
(155.41353297233582, 4)
(155.92931509017944, 4)
(156.47298502922058, 4)
(156.9906690120697, 2)
(157.5195391178131, 1)
(158.1809470653534, 6)
(158.70066118240356, 2)
(159.2334520816803, 2)
(159.75209999084473, 21)
(160.27341198921204, 16)
(160.82558798789978, 25)
(161.38718605041504, 12)
(161.95146703720093, 10)
(162.4988350868225, 23)
(163.02324414253235, 8)
(163.53501915931702, 27)
(164.04329013824463, 0)
(164.56214118003845, 0)
(165.1838231086731, 6)
(165.75595712661743, 2)
(166.28947615623474, 12)
(166.82108807563782, 5)
(167.33780217170715, 8)
(167.88000106811523, 4)
(168.3962700366974, 4)
(168.93407917022705, 2)
(169.46459913253784, 8)
(169.99118614196777, 3)
(170.54487109184265, 2)
(171.0856990814209, 2)
(171.61437702178955, 23)
(172.1522660255432, 13)
(172.70185017585754, 33)
(173.21756219863892, 29)
(173.7978231906891, 9)
(174.44926404953003, 3)
(174.98499512672424, 2)
(175.57937002182007, 3)
(176.10306215286255, 12)
(176.62149810791016, 2)
(177.13796019554138, 52)
(177.6829571723938, 12)
(178.22133111953735, 6)
(178.75274896621704, 5)
(179.30921006202698, 4)
(179.8342080116272, 2)
(180.37793898582458, 6)
(180.89180898666382, 2)
(181.42135620117188, 7)
(181.94395399093628, 9)
(182.47809100151062, 6)
(183.00883102416992, 15)
(183.5335841178894, 25)
(184.05175614356995, 18)
(184.59156703948975, 10)
(185.1086549758911, 8)
(185.6224241256714, 18)
(186.16300702095032, 6)
(186.69972896575928, 2)
(187.22550916671753, 27)
(187.73512411117554, 31)
(188.251806974411, 18)
(188.77957916259766, 47)
(189.2992331981659, 7)
(189.8187379837036, 8)
(190.35766506195068, 49)
(190.89034819602966, 28)
(191.416344165802, 15)
(191.9400019645691, 0)
(192.45966219902039, 0)
(192.9734010696411, 7)
(193.4990770816803, 2)
(194.01482105255127, 2)
(194.53493809700012, 2)
(195.13130116462708, 3)
(195.67336916923523, 12)
(196.22927403450012, 35)
(196.7908000946045, 57)
(197.31146216392517, 2)
(197.86609411239624, 0)
(198.38985800743103, 33)
(198.91753506660461, 33)
(199.45740604400635, 0)
(199.96683597564697, 0)
(200.48487210273743, 39)
(201.00987696647644, 29)
(201.53826999664307, 8)
(202.05651712417603, 5)
(202.59934210777283, 6)
(203.11505603790283, 4)
(203.63579297065735, 4)
(204.1532871723175, 1)
(204.7093629837036, 36)
(205.23546814918518, 39)
(205.74845218658447, 10)
(206.26550316810608, 20)
(206.78375005722046, 11)
(207.3091471195221, 24)
(207.8213791847229, 27)
(208.3437271118164, 25)
(208.86944913864136, 3)
(209.4019591808319, 2)
(209.91270804405212, 1)
(210.4257869720459, 18)
(210.9974479675293, 2)
(211.76068806648254, 3)
(212.44726419448853, 3)
(212.96896409988403, 12)
(213.50022315979004, 2)
(214.09630918502808, 36)
(214.6080310344696, 9)
(215.1267659664154, 27)
(215.65346503257751, 24)
(216.17199110984802, 32)
(216.75088214874268, 6)
(217.3214831352234, 34)
(217.84923911094666, 0)
(218.3609230518341, 5)
(218.8696150779724, 6)
(219.39391899108887, 31)
(219.89907312393188, 36)
(220.4277880191803, 12)
(220.95344519615173, 5)
(221.487380027771, 5)
(222.0680069923401, 4)
(222.5837390422821, 0)
(223.43337297439575, 0)
(223.97739601135254, 34)
(224.49478816986084, 9)
(225.02432298660278, 62)
(225.55954217910767, 8)
(226.06915307044983, 33)
(226.60198211669922, 5)
(227.12361001968384, 0)
(227.63034105300903, 0)
(228.13763117790222, 11)
(228.6860110759735, 22)
(229.19378304481506, 7)
(229.7014491558075, 2)
(230.21015310287476, 2)
(230.72957801818848, 2)
(231.23813104629517, 2)
(231.75307416915894, 33)
(232.27988409996033, 16)
(232.80676198005676, 17)
(233.33685111999512, 0)
(233.86221504211426, 0)
(234.37001204490662, 9)
(234.87777709960938, 13)
(235.40048599243164, 4)
(235.979483127594, 4)
(236.6857030391693, 5)
(237.20140719413757, 26)
(237.7171859741211, 44)
(238.25151896476746, 24)
(238.7632541656494, 11)
(239.27798104286194, 6)
(239.8026521205902, 4)
(240.31636905670166, 2)
(240.8295021057129, 2)
(241.3417329788208, 0)
(241.85550618171692, 0)
(242.36483597755432, 0)
(242.88054609298706, 7)
(243.40523219108582, 8)
(243.93896913528442, 13)
(244.46306800842285, 2)
(244.9777991771698, 38)
(245.500648021698, 5)
(246.0357530117035, 11)
(246.55206203460693, 4)
(247.07759714126587, 4)
(247.58324217796326, 9)
(248.09010219573975, 4)
(248.60649514198303, 12)
(249.12994003295898, 4)
(249.67414116859436, 14)
(250.21356415748596, 5)
(250.76115703582764, 40)
(251.28864908218384, 13)
(251.82335996627808, 19)
(252.3477931022644, 21)
(252.86455702781677, 16)
(253.38556504249573, 10)
(253.92423605918884, 9)
(254.44897508621216, 17)
(254.97672414779663, 24)
(255.497642993927, 17)
(256.0348160266876, 2)
(256.5516040325165, 7)
(257.0803031921387, 4)
(257.6107180118561, 2)
(258.1464831829071, 2)
(258.66864013671875, 11)
(259.2040560245514, 11)
(259.7366511821747, 4)
(260.26682305336, 9)
(260.792090177536, 15)
(261.31064796447754, 30)
(261.82958912849426, 2)
(262.3671360015869, 3)
(262.8998169898987, 0)
(263.4237701892853, 5)
(263.9492211341858, 2)
(264.47900104522705, 2)
(264.99770998954773, 2)
(265.52484917640686, 2)
(266.03797817230225, 1)
(266.5698940753937, 6)
(267.0837390422821, 26)
(267.5975260734558, 69)
(268.1429500579834, 8)
(268.6569230556488, 8)
(269.17160415649414, 6)
(269.6866021156311, 6)
(270.2261321544647, 0)
(270.7362470626831, 23)
(271.24664402008057, 23)
(271.7775180339813, 2)
(272.28747606277466, 2)
(272.8001639842987, 2)
(273.3314759731293, 2)
(273.85282707214355, 0)
(274.3698899745941, 8)
(274.8974189758301, 49)
(275.4139471054077, 19)
(275.94649720191956, 3)
(276.48042607307434, 2)
(276.98912501335144, 2)
(277.49717116355896, 13)
(278.0083990097046, 18)
(278.5185720920563, 29)
(279.049427986145, 3)
(279.58931398391724, 2)
(280.105770111084, 2)
(280.63376903533936, 15)
(281.15191197395325, 2)
(281.68588304519653, 2)
(282.2069721221924, 2)
(282.72606205940247, 7)
(283.2404160499573, 16)
(283.75527906417847, 2)
(284.26873111724854, 2)
(284.78341698646545, 12)
(285.2970390319824, 8)
(285.8175880908966, 4)
(286.32800698280334, 13)
(286.8393051624298, 7)
(287.36794209480286, 4)
(287.91108107566833, 16)
(288.4186191558838, 59)
(288.9418339729309, 20)
(289.4535160064697, 2)
(289.96126317977905, 2)
(290.4693911075592, 2)
(290.99309611320496, 0)
(291.50232219696045, 0)
(292.01242208480835, 1)
(292.528892993927, 15)
(293.04758501052856, 22)
(293.5562491416931, 24)
(294.06994915008545, 25)
(294.5889070034027, 24)
(295.10908102989197, 12)
(295.6422481536865, 9)
(296.166335105896, 8)
(296.7301731109619, 45)
(297.2378079891205, 19)
(297.7461311817169, 37)
(298.2555401325226, 12)
(298.77547812461853, 9)
(299.2908570766449, 6)
(299.8053460121155, 2)
(300.3120541572571, 2)
(300.8366861343384, 26)
(301.3477849960327, 15)
(301.8562660217285, 10)
(302.377552986145, 4)
(302.89533019065857, 4)
(303.41347002983093, 4)
(303.92942810058594, 3)
(304.4513041973114, 0)
(304.9795651435852, 0)
(305.4967551231384, 0)
(306.0104720592499, 0)
(306.5379810333252, 0)
(307.07265615463257, 6)
(307.58697605133057, 2)
(308.10036396980286, 2)
(308.61651515960693, 3)
(309.15120005607605, 1)
(309.6638720035553, 4)
(310.17804503440857, 29)
(310.70128297805786, 19)
(311.21473717689514, 0)
(311.7297661304474, 0)
(312.2399971485138, 0)
(312.77535009384155, 0)
(313.2906951904297, 0)
(313.8099009990692, 0)
(314.3256061077118, 0)
(314.83972001075745, 0)
(315.3529441356659, 0)
(315.86930298805237, 7)
(316.38389110565186, 13)
(316.9080011844635, 25)
(317.44045996665955, 34)
(317.9753291606903, 26)
(318.48979115486145, 6)
(319.03630805015564, 13)
(319.5524871349335, 8)
(320.0763590335846, 12)
(320.58700919151306, 4)
(321.1117331981659, 5)
(321.6474721431732, 2)
(322.16854906082153, 2)
(322.69642210006714, 0)
(323.2111351490021, 0)
(323.75282096862793, 0)
(324.26991415023804, 0)
(324.78453302383423, 0)
(325.3035590648651, 15)
(325.83054208755493, 38)
(326.34491419792175, 34)
(326.87739300727844, 3)
(327.3967800140381, 2)
(327.917503118515, 0)
(328.4297661781311, 0)
(328.94857716560364, 33)
(329.4797821044922, 0)
(330.004075050354, 0)
(330.524729013443, 0)
(331.04377603530884, 0)
(331.57155418395996, 5)
(332.0991780757904, 21)
(332.6095931529999, 28)
(333.13740396499634, 4)
(333.67015504837036, 4)
(334.1860601902008, 3)
(334.70416617393494, 1)
(335.23397397994995, 48)
(335.772341966629, 4)
(336.29481315612793, 30)
(336.82529616355896, 21)
(337.3492901325226, 6)
(337.870059967041, 10)
(338.3903410434723, 4)
(338.9082930088043, 12)
(339.41723918914795, 41)
(339.9496190547943, 9)
(340.4725229740143, 50)
(340.99831914901733, 16)
(341.5110709667206, 7)
(342.0387749671936, 7)
(342.55546617507935, 6)
(343.0779609680176, 2)
(343.5931279659271, 1)
(344.12085008621216, 11)
(344.6388931274414, 34)
(345.15553998947144, 46)
(345.6795651912689, 4)
(346.20470809936523, 14)
(346.7315399646759, 36)
(347.2528681755066, 3)
(347.77264618873596, 2)
(348.2880210876465, 2)
(348.82262110710144, 25)
(349.35831809043884, 8)
(349.87300515174866, 6)
(350.4133880138397, 2)
(350.97052907943726, 36)
(351.5036401748657, 35)
(352.0311470031738, 2)
(352.56037402153015, 25)
(353.10394310951233, 9)
(353.6223111152649, 10)
(354.14061307907104, 8)
(354.66572618484497, 4)
(355.1946451663971, 4)
(355.713103055954, 10)
(356.2340199947357, 4)
(356.749792098999, 11)
(357.26303219795227, 10)
(357.78867411613464, 16)
(358.30667209625244, 39)
(358.8308069705963, 25)
(359.34978103637695, 3)
(359.8644931316376, 0)
(360.3879551887512, 0)
(360.8973970413208, 3)
(361.40691113471985, 3)
(361.91709208488464, 3)
(362.42753314971924, 10)
(362.94575715065, 47)
(363.4543972015381, 5)
(363.9662661552429, 22)
(364.49291610717773, 17)
(365.01752519607544, 84)
(365.53444600105286, 6)
(366.06023812294006, 4)
(366.58013796806335, 19)
(367.0956001281738, 20)
(367.6031651496887, 14)
(368.15254402160645, 7)
(368.66187620162964, 2)
(369.1888291835785, 2)
(369.7080981731415, 2)
(370.2406620979309, 2)
(370.7611861228943, 14)
(371.28049898147583, 15)
(371.79023718833923, 9)
(372.3107581138611, 8)
(372.8228540420532, 31)
(373.3471360206604, 14)
(373.87601709365845, 5)
(374.40890407562256, 21)
(374.9362859725952, 20)
(375.460431098938, 11)
(375.9832990169525, 6)
(376.5122940540314, 6)
(377.03161907196045, 4)
(377.54874897003174, 14)
(378.0703670978546, 3)
(378.58520317077637, 2)
(379.1194350719452, 2)
(379.63315415382385, 3)
(380.15518617630005, 32)
(380.6850950717926, 0)
(381.202054977417, 41)
(381.7325391769409, 31)
(382.24444818496704, 32)
(382.7891891002655, 6)
(383.29727697372437, 2)
(383.8212070465088, 1)
(384.3612570762634, 6)
(384.88491201400757, 30)
(385.4154222011566, 19)
(385.9473581314087, 4)
(386.4699070453644, 14)
(386.9884240627289, 4)
(387.51316499710083, 16)
(388.0427920818329, 31)
(388.561320066452, 37)
(389.0909011363983, 33)
(389.6167709827423, 28)
(390.14044713974, 23)
(390.67798805236816, 11)
(391.21103596687317, 39)
(391.72680401802063, 36)
(392.2451741695404, 2)
(392.77833104133606, 1)
(393.30888509750366, 0)
(393.8260681629181, 10)
(394.34622597694397, 2)
(394.8594419956207, 20)
(395.3958489894867, 5)
(395.9122140407562, 2)
(396.4340100288391, 2)
(396.9655210971832, 8)
(397.50800704956055, 2)
(398.0243179798126, 2)
(398.5389850139618, 2)
(399.06445503234863, 2)
(399.6285710334778, 1)
(400.155189037323, 0)
(400.6739900112152, 5)
(401.2180540561676, 2)
(401.7400221824646, 2)
(402.2625730037689, 3)
(402.78515911102295, 2)
(403.3252811431885, 0)
(403.8801181316376, 0)
(404.39823603630066, 0)
(404.90990710258484, 8)
(405.41950511932373, 2)
(405.93769907951355, 2)
(406.462443113327, 2)
(406.97409319877625, 8)
(407.4922721385956, 8)
(408.0300371646881, 4)
(408.54824709892273, 9)
(409.07076811790466, 38)
(409.58695912361145, 33)
(410.0986821651459, 45)
(410.6265301704407, 25)
(411.1596109867096, 9)
(411.6771869659424, 5)
(412.21482515335083, 3)
(412.72891116142273, 0)
(413.24979305267334, 0)
(413.77564001083374, 0)
(414.30149102211, 0)
(414.8324661254883, 15)
(415.3499209880829, 6)
(415.87216806411743, 38)
(416.3962950706482, 6)
(416.9169931411743, 35)
(417.43492603302, 3)
(417.9540431499481, 2)
(418.493479013443, 11)
(419.007520198822, 4)
(419.5300090312958, 12)
(420.0491361618042, 7)
(420.5774669647217, 6)
(421.1110761165619, 2)
(421.6401720046997, 2)
(422.2042729854584, 11)
(422.71847105026245, 2)
(423.2812840938568, 35)
(423.8419699668884, 3)
(424.3622679710388, 1)
(424.8804850578308, 9)
(425.3952040672302, 2)
(425.9029769897461, 8)
(426.4189381599426, 4)
(426.9335370063782, 2)
(427.4769811630249, 36)
(427.9946360588074, 21)
(428.52024102211, 28)
(429.0400040149689, 27)
(429.58177304267883, 23)
(430.11318016052246, 6)
(430.65666818618774, 5)
(431.17118215560913, 1)
(431.69319105148315, 0)
(432.21523118019104, 0)
(432.73368310928345, 7)
(433.2475960254669, 2)
(433.7616581916809, 37)
(434.27384209632874, 34)
(434.79679799079895, 21)
(435.3202841281891, 4)
(435.8429889678955, 4)
(436.36443996429443, 10)
(436.8767511844635, 17)
(437.39668011665344, 16)
(437.91668605804443, 2)
(438.43188309669495, 2)
(438.96412205696106, 1)
(439.47620701789856, 1)
(440.0040521621704, 20)
(440.52225518226624, 4)
(441.0574460029602, 5)
(441.56970500946045, 4)
(442.0822331905365, 8)
(442.61376118659973, 17)
(443.13214111328125, 12)
(443.6539001464844, 6)
(444.173583984375, 6)
(444.7076861858368, 5)
(445.2228741645813, 4)
(445.73841309547424, 10)
(446.26133918762207, 2)
(446.78694319725037, 2)
(447.30670619010925, 2)
(447.8323030471802, 12)
(448.35794019699097, 33)
(448.893963098526, 2)
(449.41045808792114, 3)
(449.93001317977905, 1)
(450.45048117637634, 0)
(450.9709370136261, 0)
(451.4895250797272, 0)
(452.0118851661682, 0)
(452.5307991504669, 16)
(453.0531451702118, 4)
(453.60500502586365, 72)
(454.11832213401794, 42)
(454.63412714004517, 6)
(455.1461651325226, 3)
(455.65366196632385, 2)
(456.1618230342865, 9)
(456.68022298812866, 12)
(457.1881341934204, 41)
(457.71063804626465, 6)
(458.22493505477905, 13)
(458.73377799987793, 45)
(459.2618091106415, 8)
(459.77341508865356, 5)
(460.2890920639038, 4)
(460.81035017967224, 12)
(461.33142709732056, 2)
(461.8635251522064, 14)
(462.3812520503998, 37)
(462.9059159755707, 4)
(463.43809509277344, 12)
(463.95312118530273, 4)
(464.46604013442993, 2)
(464.99409008026123, 30)
(465.5152540206909, 7)
(466.05733704566956, 0)
(466.60294818878174, 0)
(467.13400411605835, 0)
(467.66900515556335, 0)
(468.2400071620941, 0)
(468.75149297714233, 0)
(469.2757661342621, 0)
(469.787397146225, 33)
(470.31301403045654, 0)
(470.8352200984955, 13)
(471.35289001464844, 34)
(471.88240218162537, 31)
(472.4212281703949, 16)
(472.9398510456085, 19)
(473.4613301753998, 9)
(473.977343082428, 13)
(474.4893801212311, 6)
(475.0246841907501, 8)
(475.55752396583557, 40)
(476.08423614501953, 7)
(476.5995349884033, 30)
(477.1166181564331, 11)
(477.64657402038574, 29)
(478.16173815727234, 4)
(478.6802260875702, 11)
(479.1873881816864, 5)
(479.7419011592865, 2)
(480.2637231349945, 2)
(480.7904460430145, 28)
(481.31189799308777, 18)
(481.84879207611084, 2)
(482.36731815338135, 2)
(482.8842191696167, 2)
(483.40481305122375, 7)
(483.93448996543884, 2)
(484.47217202186584, 57)
(484.9992241859436, 22)
(485.5196511745453, 4)
(486.07336497306824, 5)
(486.60401797294617, 6)
(487.1382431983948, 8)
(487.6547780036926, 4)
(488.1764221191406, 4)
(488.6912200450897, 12)
(489.2204990386963, 5)
(489.74418902397156, 15)
(490.2903711795807, 22)
(490.8014941215515, 2)
(491.38130807876587, 18)
(492.1183831691742, 61)
(492.65077209472656, 9)
(493.1618871688843, 8)
(493.7018220424652, 15)
(494.21322202682495, 14)
(494.74615812301636, 8)
(495.2573330402374, 4)
(495.78403401374817, 12)
(496.30358505249023, 12)
(496.8290071487427, 6)
(497.3653609752655, 5)
(497.9470121860504, 40)
(498.467502117157, 21)
(498.99155616760254, 35)
(499.52669501304626, 27)
(500.0625190734863, 35)
(500.57731914520264, 22)
(501.11731815338135, 7)
(501.6571521759033, 3)
(502.20040106773376, 19)
(502.71797800064087, 32)
(503.24256205558777, 20)
(503.77967715263367, 14)
(504.306969165802, 15)
(504.81909012794495, 27)
(505.3854031562805, 4)
(505.9017059803009, 10)
(506.4300901889801, 3)
(506.94937896728516, 18)
(507.4960629940033, 2)
(508.04166197776794, 2)
(508.5875630378723, 0)
(509.10735297203064, 0)
(509.6252121925354, 7)
(510.14976596832275, 2)
(510.67330598831177, 15)
(511.2281310558319, 27)
(511.761164188385, 19)
(512.2696771621704, 3)
(512.779354095459, 5)
(513.2905039787292, 35)
(513.8054180145264, 8)
(514.31316614151, 2)
(514.8293650150299, 11)
(515.3580660820007, 31)
(515.9006071090698, 16)
(516.4228789806366, 18)
(516.9525489807129, 44)
(517.4882020950317, 37)
(518.0137012004852, 4)
(518.5409121513367, 2)
(519.0743370056152, 1)
(519.5994260311127, 3)
(520.1198370456696, 16)
(520.6468560695648, 5)
(521.1622500419617, 5)
(521.7018849849701, 3)
(522.2261831760406, 2)
(522.7341990470886, 0)
(523.2418141365051, 5)
(523.7837631702423, 30)
(524.2935311794281, 20)
(524.8099150657654, 4)
(525.3303442001343, 7)
(525.8481180667877, 7)
(526.3573131561279, 2)
(526.8659930229187, 14)
(527.3779270648956, 24)
(527.887106180191, 1)
(528.4027850627899, 0)
(528.9544250965118, 6)
(529.4749710559845, 53)
(529.9825119972229, 7)
(530.5147390365601, 0)
(531.0681290626526, 6)
(531.5894520282745, 2)
(532.1037771701813, 1)
(532.6208581924438, 66)
(533.1311039924622, 27)
(533.6506991386414, 32)
(534.175369977951, 51)
(534.6924850940704, 10)
(535.2087860107422, 4)
(535.7471981048584, 4)
(536.2692341804504, 1)
(536.7919070720673, 0)
(537.3278529644012, 33)
(537.8475551605225, 0)
(538.3641581535339, 0)
(538.9036190509796, 0)
(539.4357061386108, 1)
(539.9580311775208, 9)
(540.4821979999542, 40)
(541.0127470493317, 26)
(541.5362510681152, 7)
(542.0445261001587, 10)
(542.5693621635437, 8)
(543.0770981311798, 5)
(543.585371017456, 33)
(544.1054840087891, 27)
(544.6137251853943, 9)
(545.1333131790161, 6)
(545.6490471363068, 15)
(546.190749168396, 4)
(546.7099480628967, 7)
(547.2347671985626, 53)
(547.7492470741272, 6)
(548.2820630073547, 4)
(548.8016619682312, 5)
(549.3277261257172, 12)
(550.0376920700073, 9)
(550.5776760578156, 6)
(551.1010611057281, 2)
(551.6323330402374, 2)
(552.1390290260315, 19)
(552.6710951328278, 11)
(553.1894290447235, 24)
(553.7156240940094, 22)
(554.2452480792999, 20)
(554.7736961841583, 27)
(555.2972099781036, 2)
(555.8326570987701, 7)
(556.3522419929504, 2)
(556.870019197464, 10)
(557.389662027359, 4)
(557.9233441352844, 9)
(558.4405651092529, 11)
(558.9580640792847, 12)
(559.4939231872559, 15)
(560.0104010105133, 6)
(560.5273489952087, 5)
(561.0452780723572, 10)
(561.5658421516418, 4)
(562.0858581066132, 2)
(562.6020390987396, 2)
(563.1219410896301, 2)
(563.6500451564789, 25)
(564.1700460910797, 2)
(564.6920001506805, 35)
(565.2104110717773, 2)
(565.7416841983795, 2)
(566.252051115036, 0)
(566.763265132904, 0)
(567.2760000228882, 0)
(567.8002600669861, 14)
(568.3212749958038, 15)
(568.8370161056519, 6)
(569.356122970581, 54)
(569.8858489990234, 66)
(570.405061006546, 11)
(570.9335551261902, 16)
(571.4510831832886, 19)
(571.9671521186829, 28)
(572.4939541816711, 37)
(573.0255069732666, 12)
(573.5704519748688, 5)
(574.1154041290283, 7)
(574.6461951732635, 3)
(575.1625440120697, 2)
(575.6988470554352, 14)
(576.2138321399689, 6)
(576.7362561225891, 5)
(577.2514259815216, 12)
(577.7700250148773, 20)
(578.3039410114288, 31)
(578.8501200675964, 23)
(579.3658001422882, 13)
(579.87992811203, 8)
(580.416424036026, 8)
(580.9355661869049, 17)
(581.469523191452, 38)
(581.9911811351776, 4)
(582.5263600349426, 2)
(583.0507102012634, 14)
(583.5752980709076, 2)
(584.0902831554413, 2)
(584.6260631084442, 3)
(585.1460990905762, 17)
(585.6661651134491, 4)
(586.1945650577545, 15)
(586.739785194397, 7)
(587.2532939910889, 54)
(587.7813091278076, 19)
(588.3042631149292, 2)
(588.829085111618, 0)
(589.3625020980835, 0)
(589.8785171508789, 0)
(590.4015100002289, 0)
(590.9273290634155, 0)
(591.4492020606995, 7)
(591.9739120006561, 2)
(592.4883770942688, 2)
(593.0282490253448, 2)
(593.5401201248169, 2)
(594.0519580841064, 1)
(594.5635390281677, 26)
(595.0866401195526, 4)
(595.6361711025238, 4)
(596.1494891643524, 4)
(596.8015611171722, 11)
(597.3523941040039, 28)
(597.8607070446014, 9)
(598.4034070968628, 3)
(598.9267699718475, 1)
(599.4393510818481, 0)
(599.9628031253815, 0)
(600.4857831001282, 31)
(601.0140211582184, 3)
(601.5292150974274, 0)
(602.045284986496, 6)
(602.5696589946747, 2)
(603.0958821773529, 6)
(603.6106472015381, 5)
(604.1253221035004, 5)
(604.6542761325836, 3)
(605.1670260429382, 2)
(605.7145280838013, 1)
(606.2418210506439, 41)
(606.7655951976776, 2)
(607.2878801822662, 3)
(607.7976801395416, 2)
(608.3254551887512, 7)
(608.8474011421204, 2)
(609.3887259960175, 2)
(609.9063811302185, 26)
(610.4273731708527, 12)
(610.9504501819611, 13)
(611.4635910987854, 9)
(612.0122339725494, 9)
(612.529452085495, 21)
(613.0527260303497, 6)
(613.570855140686, 5)
(614.1283659934998, 15)
(614.6466190814972, 22)
(615.161544084549, 0)
(615.6757731437683, 38)
(616.1945650577545, 13)
(616.7115371227264, 7)
(617.2329699993134, 6)
(617.751965045929, 7)
(618.2708170413971, 3)
(618.7837910652161, 0)
(619.3018600940704, 1)
(619.827584028244, 10)
(620.3441920280457, 2)
(620.8562500476837, 2)
(621.3676390647888, 2)
(621.9010059833527, 2)
(622.4166259765625, 3)
(622.9436700344086, 11)
(623.4768211841583, 4)
(624.0216779708862, 17)
(624.545627117157, 8)
(625.0738990306854, 35)
(625.5948240756989, 30)
(626.1179800033569, 8)
(626.6422719955444, 8)
(627.1631259918213, 11)
(627.7099010944366, 46)
(628.2403340339661, 9)
(628.7810010910034, 16)
(629.2991960048676, 6)
(629.8399980068207, 7)
(630.3571150302887, 15)
(630.9072680473328, 18)
(631.4734680652618, 10)
(632.216835975647, 8)
(632.9166011810303, 35)
(633.4553060531616, 15)
(633.9729871749878, 1)
