(0, 0)
(0.5014111995697021, 7)
(1.0231812000274658, 44)
(1.5472791194915771, 50)
(2.0668230056762695, 9)
(2.584642171859741, 7)
(3.102385997772217, 7)
(3.6290581226348877, 27)
(4.161266088485718, 2)
(4.684264183044434, 2)
(5.198819160461426, 2)
(5.718713998794556, 2)
(6.235177993774414, 0)
(6.747809171676636, 7)
(7.266081094741821, 17)
(7.810477018356323, 50)
(8.363133192062378, 52)
(8.873882055282593, 44)
(9.395474195480347, 28)
(9.91007113456726, 47)
(10.430874109268188, 94)
(10.981572151184082, 80)
(11.509874105453491, 10)
(12.061264991760254, 9)
(12.581252098083496, 15)
(13.103963136672974, 9)
(13.622521162033081, 3)
(14.16377305984497, 29)
(14.692164182662964, 6)
(15.213880062103271, 17)
(15.735414028167725, 27)
(16.261592149734497, 11)
(16.782294034957886, 6)
(17.296223163604736, 6)
(17.81276297569275, 4)
(18.33061718940735, 32)
(18.849349975585938, 42)
(19.36541509628296, 42)
(19.89210796356201, 89)
(20.403592109680176, 123)
(20.93029499053955, 117)
(21.44017219543457, 46)
(21.95284414291382, 48)
(22.461820125579834, 54)
(22.9754900932312, 43)
(23.48362398147583, 10)
(23.996448040008545, 4)
(24.54476499557495, 4)
(25.16453719139099, 4)
(25.68307113647461, 4)
(26.199146032333374, 28)
(26.7358341217041, 51)
(27.256797075271606, 59)
(27.797904014587402, 52)
(28.34088706970215, 50)
(28.856836080551147, 45)
(29.386598110198975, 76)
(29.917237043380737, 82)
(30.437947034835815, 80)
(30.946640968322754, 99)
(31.45742702484131, 101)
(31.98127508163452, 86)
(32.508522033691406, 64)
(33.05979800224304, 71)
(33.659497022628784, 60)
(34.28187704086304, 43)
(34.80072212219238, 74)
(35.32817602157593, 94)
(35.85391306877136, 85)
(36.37422299385071, 10)
(37.01735496520996, 19)
(37.545008182525635, 8)
(38.06468105316162, 8)
(38.582399129867554, 5)
(39.12508010864258, 9)
(39.640774965286255, 3)
(40.15555214881897, 3)
(40.69916915893555, 13)
(41.21190905570984, 4)
(41.725614070892334, 3)
(42.25331997871399, 2)
(42.776983976364136, 14)
(43.3117880821228, 2)
(43.8324761390686, 2)
(44.44509506225586, 2)
(44.96878218650818, 2)
(45.489585161209106, 0)
(46.00320911407471, 0)
(46.52196717262268, 0)
(47.0416259765625, 0)
(47.55537700653076, 0)
(48.07408118247986, 0)
(48.641371965408325, 22)
(49.29676103591919, 6)
(49.860318183898926, 23)
(50.44629502296448, 39)
(51.178261041641235, 8)
(51.70317316055298, 12)
(52.26075005531311, 46)
(52.778340101242065, 55)
(53.29887914657593, 85)
(53.823989152908325, 82)
(54.650439977645874, 80)
(55.163042068481445, 47)
(55.67751908302307, 48)
(56.205432176589966, 49)
(56.72016906738281, 32)
(57.23587703704834, 9)
(57.75855207443237, 26)
(58.293291091918945, 43)
(58.81803607940674, 88)
(59.333736181259155, 51)
(59.87940716743469, 49)
(60.41602611541748, 44)
(60.94773817062378, 87)
(61.45844602584839, 80)
(61.967199087142944, 69)
(62.4861421585083, 39)
(63.00164198875427, 4)
(63.51734900474548, 4)
(64.03903198242188, 9)
(64.56773614883423, 41)
(65.08940696716309, 47)
(65.60922598838806, 75)
(66.1288411617279, 74)
(66.67090511322021, 21)
(67.28522610664368, 12)
(67.81587100028992, 11)
(68.34932518005371, 7)
(68.92727017402649, 1)
(69.4901921749115, 0)
(70.0136251449585, 0)
(70.52139115333557, 6)
(71.0400390625, 8)
(71.55380606651306, 4)
(72.06753897666931, 13)
(72.58716607093811, 18)
(73.09649705886841, 15)
(73.61259508132935, 15)
(74.143306016922, 8)
(74.65306210517883, 7)
(75.16918110847473, 41)
(75.69544696807861, 21)
(76.22118806838989, 5)
(76.7488420009613, 38)
(77.3255569934845, 46)
(77.91073417663574, 61)
(78.81560206413269, 5)
(79.35636711120605, 5)
(79.88110399246216, 17)
(80.39279508590698, 28)
(80.90856409072876, 48)
(81.42523503303528, 51)
(81.94592118263245, 18)
(82.4666850566864, 47)
(82.99039101600647, 47)
(83.51504111289978, 83)
(84.0437560081482, 61)
(84.59346318244934, 98)
(85.1411759853363, 87)
(85.6569151878357, 75)
(86.21255207061768, 58)
(86.76053619384766, 36)
(87.30709910392761, 65)
(87.88051199913025, 72)
(88.62144207954407, 87)
(89.20615601539612, 59)
(89.72955107688904, 96)
(90.25124216079712, 266)
(90.76405906677246, 54)
(91.28517413139343, 61)
(91.85045313835144, 83)
(92.36314296722412, 69)
(92.90377116203308, 18)
(93.45746517181396, 8)
(94.00926208496094, 15)
(94.55586218833923, 7)
(95.06766414642334, 6)
(95.58925819396973, 4)
(96.10495114326477, 3)
(96.62570405006409, 9)
(97.16819310188293, 2)
(97.72911310195923, 2)
(98.25475907325745, 14)
(98.80547499656677, 4)
(99.33212208747864, 14)
(99.85488200187683, 4)
(100.378741979599, 4)
(100.89741396903992, 9)
(101.41521716117859, 35)
(101.96324515342712, 19)
(102.50395202636719, 4)
(103.05920505523682, 5)
(103.58492016792297, 49)
(104.10860705375671, 63)
(104.62833309173584, 46)
(105.14801502227783, 47)
(105.67072319984436, 59)
(106.19263100624084, 94)
(106.70513319969177, 96)
(107.2258710861206, 100)
(107.7585301399231, 131)
(108.28176403045654, 117)
(108.81312417984009, 89)
(109.33114504814148, 91)
(109.86256217956543, 92)
(110.41550517082214, 82)
(110.93315315246582, 93)
(111.45877003669739, 186)
(111.97201013565063, 213)
(112.48715114593506, 153)
(113.00886607170105, 166)
(113.52829599380493, 94)
(114.03707003593445, 84)
(114.54677605628967, 86)
(115.07052111625671, 126)
(115.59173512458801, 179)
(116.10029315948486, 169)
(116.61001420021057, 161)
(117.11972403526306, 92)
(117.62945914268494, 120)
(118.141184091568, 211)
(118.64976215362549, 118)
(119.17037010192871, 144)
(119.68539714813232, 241)
(120.20339012145996, 129)
(120.73127317428589, 169)
(121.2509171962738, 162)
(121.76403498649597, 190)
(122.27685499191284, 205)
(122.79376697540283, 363)
(123.31645512580872, 236)
(123.83897614479065, 304)
(124.35740900039673, 118)
(124.88132619857788, 72)
(125.39896512031555, 91)
(125.92288208007812, 109)
(126.45674300193787, 94)
(126.97640299797058, 86)
(127.49149918556213, 84)
(128.02136898040771, 83)
(128.54635310173035, 89)
(129.06407499313354, 120)
(129.58303499221802, 134)
(130.10099816322327, 99)
(130.6326780319214, 126)
(131.14863300323486, 91)
(131.66626119613647, 87)
(132.19261503219604, 49)
(132.72610211372375, 48)
(133.24261498451233, 79)
(133.76446104049683, 134)
(134.2991111278534, 167)
(134.8219120502472, 162)
(135.34175896644592, 136)
(135.86539006233215, 150)
(136.39839506149292, 149)
(136.92096304893494, 102)
(137.46103310585022, 63)
(137.99125909805298, 95)
(138.5090081691742, 78)
(139.03179907798767, 53)
(139.60945510864258, 111)
(140.13609719276428, 104)
(140.6504111289978, 99)
(141.20350003242493, 82)
(141.71420907974243, 65)
(142.22172808647156, 85)
(142.74036407470703, 83)
(143.27604508399963, 90)
(143.80016207695007, 92)
(144.40329504013062, 93)
(144.92509412765503, 58)
(145.44097805023193, 45)
(145.96556997299194, 65)
(146.9532380104065, 79)
(147.48206305503845, 45)
(148.00909304618835, 54)
(148.51977705955505, 68)
(149.04118418693542, 52)
(149.56987500190735, 47)
(150.08865809440613, 47)
(150.60649919509888, 46)
(151.11661219596863, 43)
(151.66083908081055, 25)
(152.18128514289856, 41)
(152.7000880241394, 41)
(153.2258529663086, 41)
(153.7597930431366, 45)
(154.33329916000366, 55)
(154.8816041946411, 52)
(155.41353297233582, 45)
(155.92931509017944, 46)
(156.47298502922058, 44)
(156.9906690120697, 43)
(157.5195391178131, 51)
(158.1809470653534, 49)
(158.70066118240356, 43)
(159.2334520816803, 43)
(159.75209999084473, 62)
(160.27341198921204, 87)
(160.82558798789978, 101)
(161.38718605041504, 130)
(161.95146703720093, 97)
(162.4988350868225, 50)
(163.02324414253235, 104)
(163.53501915931702, 104)
(164.04329013824463, 84)
(164.56214118003845, 48)
(165.1838231086731, 21)
(165.75595712661743, 7)
(166.28947615623474, 16)
(166.82108807563782, 8)
(167.33780217170715, 9)
(167.88000106811523, 4)
(168.3962700366974, 4)
(168.93407917022705, 2)
(169.46459913253784, 8)
(169.99118614196777, 3)
(170.54487109184265, 2)
(171.0856990814209, 2)
(171.61437702178955, 24)
(172.1522660255432, 47)
(172.70185017585754, 82)
(173.21756219863892, 114)
(173.7978231906891, 102)
(174.44926404953003, 82)
(174.98499512672424, 68)
(175.57937002182007, 60)
(176.10306215286255, 21)
(176.62149810791016, 6)
(177.13796019554138, 68)
(177.6829571723938, 53)
(178.22133111953735, 39)
(178.75274896621704, 6)
(179.30921006202698, 7)
(179.8342080116272, 4)
(180.37793898582458, 8)
(180.89180898666382, 2)
(181.42135620117188, 7)
(181.94395399093628, 9)
(182.47809100151062, 6)
(183.00883102416992, 16)
(183.5335841178894, 25)
(184.05175614356995, 18)
(184.59156703948975, 9)
(185.1086549758911, 8)
(185.6224241256714, 18)
(186.16300702095032, 6)
(186.69972896575928, 2)
(187.22550916671753, 28)
(187.73512411117554, 45)
(188.251806974411, 59)
(188.77957916259766, 101)
(189.2992331981659, 86)
(189.8187379837036, 76)
(190.35766506195068, 112)
(190.89034819602966, 135)
(191.416344165802, 131)
(191.9400019645691, 124)
(192.45966219902039, 70)
(192.9734010696411, 56)
(193.4990770816803, 47)
(194.01482105255127, 46)
(194.53493809700012, 12)
(195.13130116462708, 5)
(195.67336916923523, 15)
(196.22927403450012, 44)
(196.7908000946045, 59)
(197.31146216392517, 45)
(197.86609411239624, 44)
(198.38985800743103, 49)
(198.91753506660461, 82)
(199.45740604400635, 87)
(199.96683597564697, 84)
(200.48487210273743, 116)
(201.00987696647644, 154)
(201.53826999664307, 111)
(202.05651712417603, 94)
(202.59934210777283, 92)
(203.11505603790283, 71)
(203.63579297065735, 20)
(204.1532871723175, 6)
(204.7093629837036, 40)
(205.23546814918518, 55)
(205.74845218658447, 54)
(206.26550316810608, 59)
(206.78375005722046, 52)
(207.3091471195221, 64)
(207.8213791847229, 66)
(208.3437271118164, 89)
(208.86944913864136, 88)
(209.4019591808319, 53)
(209.91270804405212, 43)
(210.4257869720459, 64)
(210.9974479675293, 46)
(211.76068806648254, 13)
(212.44726419448853, 6)
(212.96896409988403, 14)
(213.50022315979004, 17)
(214.09630918502808, 46)
(214.6080310344696, 52)
(215.1267659664154, 40)
(215.65346503257751, 57)
(216.17199110984802, 72)
(216.75088214874268, 72)
(217.3214831352234, 60)
(217.84923911094666, 45)
(218.3609230518341, 49)
(218.8696150779724, 48)
(219.39391899108887, 76)
(219.89907312393188, 79)
(220.4277880191803, 24)
(220.95344519615173, 9)
(221.487380027771, 10)
(222.0680069923401, 7)
(222.5837390422821, 2)
(223.43337297439575, 0)
(223.97739601135254, 41)
(224.49478816986084, 50)
(225.02432298660278, 110)
(225.55954217910767, 123)
(226.06915307044983, 153)
(226.60198211669922, 107)
(227.12361001968384, 86)
(227.63034105300903, 48)
(228.13763117790222, 62)
(228.6860110759735, 87)
(229.19378304481506, 87)
(229.7014491558075, 46)
(230.21015310287476, 43)
(230.72957801818848, 45)
(231.23813104629517, 45)
(231.75307416915894, 82)
(232.27988409996033, 100)
(232.80676198005676, 128)
(233.33685111999512, 127)
(233.86221504211426, 88)
(234.37001204490662, 93)
(234.87777709960938, 83)
(235.40048599243164, 52)
(235.979483127594, 61)
(236.6857030391693, 52)
(237.20140719413757, 70)
(237.7171859741211, 100)
(238.25151896476746, 126)
(238.7632541656494, 93)
(239.27798104286194, 56)
(239.8026521205902, 48)
(240.31636905670166, 46)
(240.8295021057129, 10)
(241.3417329788208, 4)
(241.85550618171692, 2)
(242.36483597755432, 3)
(242.88054609298706, 8)
(243.40523219108582, 10)
(243.93896913528442, 43)
(244.46306800842285, 12)
(244.9777991771698, 41)
(245.500648021698, 46)
(246.0357530117035, 53)
(246.55206203460693, 47)
(247.07759714126587, 44)
(247.58324217796326, 48)
(248.09010219573975, 44)
(248.60649514198303, 53)
(249.12994003295898, 62)
(249.67414116859436, 55)
(250.21356415748596, 51)
(250.76115703582764, 60)
(251.28864908218384, 17)
(251.82335996627808, 22)
(252.3477931022644, 24)
(252.86455702781677, 20)
(253.38556504249573, 12)
(253.92423605918884, 9)
(254.44897508621216, 17)
(254.97672414779663, 24)
(255.497642993927, 41)
(256.0348160266876, 4)
(256.5516040325165, 9)
(257.0803031921387, 6)
(257.6107180118561, 4)
(258.1464831829071, 3)
(258.66864013671875, 12)
(259.2040560245514, 10)
(259.7366511821747, 4)
(260.26682305336, 9)
(260.792090177536, 16)
(261.31064796447754, 44)
(261.82958912849426, 43)
(262.3671360015869, 45)
(262.8998169898987, 41)
(263.4237701892853, 9)
(263.9492211341858, 4)
(264.47900104522705, 4)
(264.99770998954773, 4)
(265.52484917640686, 4)
(266.03797817230225, 0)
(266.5698940753937, 6)
(267.0837390422821, 26)
(267.5975260734558, 98)
(268.1429500579834, 94)
(268.6569230556488, 70)
(269.17160415649414, 48)
(269.6866021156311, 38)
(270.2261321544647, 4)
(270.7362470626831, 28)
(271.24664402008057, 51)
(271.7775180339813, 44)
(272.28747606277466, 7)
(272.8001639842987, 5)
(273.3314759731293, 4)
(273.85282707214355, 2)
(274.3698899745941, 9)
(274.8974189758301, 66)
(275.4139471054077, 93)
(275.94649720191956, 86)
(276.48042607307434, 82)
(276.98912501335144, 70)
(277.49717116355896, 55)
(278.0083990097046, 50)
(278.5185720920563, 50)
(279.049427986145, 49)
(279.58931398391724, 48)
(280.105770111084, 45)
(280.63376903533936, 58)
(281.15191197395325, 44)
(281.68588304519653, 43)
(282.2069721221924, 42)
(282.72606205940247, 49)
(283.2404160499573, 55)
(283.75527906417847, 42)
(284.26873111724854, 42)
(284.78341698646545, 17)
(285.2970390319824, 10)
(285.8175880908966, 7)
(286.32800698280334, 16)
(286.8393051624298, 7)
(287.36794209480286, 4)
(287.91108107566833, 16)
(288.4186191558838, 61)
(288.9418339729309, 79)
(289.4535160064697, 84)
(289.96126317977905, 81)
(290.4693911075592, 50)
(290.99309611320496, 42)
(291.50232219696045, 36)
(292.01242208480835, 6)
(292.528892993927, 18)
(293.04758501052856, 24)
(293.5562491416931, 26)
(294.06994915008545, 26)
(294.5889070034027, 24)
(295.10908102989197, 13)
(295.6422481536865, 9)
(296.166335105896, 7)
(296.7301731109619, 52)
(297.2378079891205, 71)
(297.7461311817169, 127)
(298.2555401325226, 141)
(298.77547812461853, 134)
(299.2908570766449, 127)
(299.8053460121155, 123)
(300.3120541572571, 125)
(300.8366861343384, 139)
(301.3477849960327, 144)
(301.8562660217285, 130)
(302.377552986145, 57)
(302.89533019065857, 17)
(303.41347002983093, 11)
(303.92942810058594, 15)
(304.4513041973114, 8)
(304.9795651435852, 3)
(305.4967551231384, 2)
(306.0104720592499, 2)
(306.5379810333252, 2)
(307.07265615463257, 5)
(307.58697605133057, 2)
(308.10036396980286, 2)
(308.61651515960693, 3)
(309.15120005607605, 1)
(309.6638720035553, 4)
(310.17804503440857, 41)
(310.70128297805786, 61)
(311.21473717689514, 80)
(311.7297661304474, 44)
(312.2399971485138, 4)
(312.77535009384155, 4)
(313.2906951904297, 4)
(313.8099009990692, 4)
(314.3256061077118, 1)
(314.83972001075745, 0)
(315.3529441356659, 0)
(315.86930298805237, 8)
(316.38389110565186, 12)
(316.9080011844635, 44)
(317.44045996665955, 76)
(317.9753291606903, 26)
(318.48979115486145, 8)
(319.03630805015564, 15)
(319.5524871349335, 10)
(320.0763590335846, 14)
(320.58700919151306, 4)
(321.1117331981659, 5)
(321.6474721431732, 2)
(322.16854906082153, 2)
(322.69642210006714, 0)
(323.2111351490021, 0)
(323.75282096862793, 0)
(324.26991415023804, 0)
(324.78453302383423, 0)
(325.3035590648651, 16)
(325.83054208755493, 69)
(326.34491419792175, 94)
(326.87739300727844, 88)
(327.3967800140381, 29)
(327.917503118515, 6)
(328.4297661781311, 7)
(328.94857716560364, 44)
(329.4797821044922, 44)
(330.004075050354, 42)
(330.524729013443, 13)
(331.04377603530884, 2)
(331.57155418395996, 17)
(332.0991780757904, 25)
(332.6095931529999, 49)
(333.13740396499634, 49)
(333.67015504837036, 9)
(334.1860601902008, 6)
(334.70416617393494, 3)
(335.23397397994995, 60)
(335.772341966629, 46)
(336.29481315612793, 73)
(336.82529616355896, 89)
(337.3492901325226, 86)
(337.870059967041, 44)
(338.3903410434723, 8)
(338.9082930088043, 17)
(339.41723918914795, 54)
(339.9496190547943, 29)
(340.4725229740143, 63)
(340.99831914901733, 57)
(341.5110709667206, 50)
(342.0387749671936, 49)
(342.55546617507935, 21)
(343.0779609680176, 4)
(343.5931279659271, 4)
(344.12085008621216, 12)
(344.6388931274414, 38)
(345.15553998947144, 80)
(345.6795651912689, 86)
(346.20470809936523, 92)
(346.7315399646759, 77)
(347.2528681755066, 88)
(347.77264618873596, 84)
(348.2880210876465, 47)
(348.82262110710144, 46)
(349.35831809043884, 46)
(349.87300515174866, 51)
(350.4133880138397, 48)
(350.97052907943726, 80)
(351.5036401748657, 130)
(352.0311470031738, 125)
(352.56037402153015, 131)
(353.10394310951233, 58)
(353.6223111152649, 57)
(354.14061307907104, 55)
(354.66572618484497, 51)
(355.1946451663971, 21)
(355.713103055954, 12)
(356.2340199947357, 6)
(356.749792098999, 13)
(357.26303219795227, 12)
(357.78867411613464, 16)
(358.30667209625244, 58)
(358.8308069705963, 84)
(359.34978103637695, 46)
(359.8644931316376, 42)
(360.3879551887512, 43)
(360.8973970413208, 44)
(361.40691113471985, 44)
(361.91709208488464, 43)
(362.42753314971924, 49)
(362.94575715065, 98)
(363.4543972015381, 85)
(363.9662661552429, 87)
(364.49291610717773, 67)
(365.01752519607544, 131)
(365.53444600105286, 118)
(366.06023812294006, 93)
(366.58013796806335, 128)
(367.0956001281738, 120)
(367.6031651496887, 127)
(368.15254402160645, 134)
(368.66187620162964, 94)
(369.1888291835785, 67)
(369.7080981731415, 46)
(370.2406620979309, 56)
(370.7611861228943, 58)
(371.28049898147583, 36)
(371.79023718833923, 13)
(372.3107581138611, 12)
(372.8228540420532, 34)
(373.3471360206604, 15)
(373.87601709365845, 5)
(374.40890407562256, 29)
(374.9362859725952, 20)
(375.460431098938, 13)
(375.9832990169525, 8)
(376.5122940540314, 8)
(377.03161907196045, 4)
(377.54874897003174, 14)
(378.0703670978546, 3)
(378.58520317077637, 2)
(379.1194350719452, 2)
(379.63315415382385, 5)
(380.15518617630005, 41)
(380.6850950717926, 41)
(381.202054977417, 87)
(381.7325391769409, 133)
(382.24444818496704, 127)
(382.7891891002655, 127)
(383.29727697372437, 127)
(383.8212070465088, 90)
(384.3612570762634, 82)
(384.88491201400757, 61)
(385.4154222011566, 52)
(385.9473581314087, 51)
(386.4699070453644, 44)
(386.9884240627289, 9)
(387.51316499710083, 20)
(388.0427920818329, 56)
(388.561320066452, 100)
(389.0909011363983, 112)
(389.6167709827423, 101)
(390.14044713974, 86)
(390.67798805236816, 62)
(391.21103596687317, 54)
(391.72680401802063, 78)
(392.2451741695404, 14)
(392.77833104133606, 9)
(393.30888509750366, 5)
(393.8260681629181, 14)
(394.34622597694397, 3)
(394.8594419956207, 27)
(395.3958489894867, 6)
(395.9122140407562, 6)
(396.4340100288391, 4)
(396.9655210971832, 10)
(397.50800704956055, 3)
(398.0243179798126, 2)
(398.5389850139618, 2)
(399.06445503234863, 2)
(399.6285710334778, 1)
(400.155189037323, 0)
(400.6739900112152, 5)
(401.2180540561676, 2)
(401.7400221824646, 3)
(402.2625730037689, 2)
(402.78515911102295, 2)
(403.3252811431885, 0)
(403.8801181316376, 0)
(404.39823603630066, 0)
(404.90990710258484, 8)
(405.41950511932373, 2)
(405.93769907951355, 2)
(406.462443113327, 2)
(406.97409319877625, 8)
(407.4922721385956, 8)
(408.0300371646881, 4)
(408.54824709892273, 9)
(409.07076811790466, 38)
(409.58695912361145, 45)
(410.0986821651459, 49)
(410.6265301704407, 30)
(411.1596109867096, 13)
(411.6771869659424, 10)
(412.21482515335083, 7)
(412.72891116142273, 2)
(413.24979305267334, 0)
(413.77564001083374, 0)
(414.30149102211, 0)
(414.8324661254883, 15)
(415.3499209880829, 7)
(415.87216806411743, 51)
(416.3962950706482, 46)
(416.9169931411743, 67)
(417.43492603302, 7)
(417.9540431499481, 6)
(418.493479013443, 15)
(419.007520198822, 8)
(419.5300090312958, 14)
(420.0491361618042, 6)
(420.5774669647217, 6)
(421.1110761165619, 2)
(421.6401720046997, 2)
(422.2042729854584, 11)
(422.71847105026245, 2)
(423.2812840938568, 42)
(423.8419699668884, 8)
(424.3622679710388, 4)
(424.8804850578308, 11)
(425.3952040672302, 4)
(425.9029769897461, 9)
(426.4189381599426, 4)
(426.9335370063782, 4)
(427.4769811630249, 41)
(427.9946360588074, 30)
(428.52024102211, 31)
(429.0400040149689, 33)
(429.58177304267883, 54)
(430.11318016052246, 50)
(430.65666818618774, 47)
(431.17118215560913, 42)
(431.69319105148315, 40)
(432.21523118019104, 41)
(432.73368310928345, 9)
(433.2475960254669, 4)
(433.7616581916809, 40)
(434.27384209632874, 66)
(434.79679799079895, 59)
(435.3202841281891, 8)
(435.8429889678955, 8)
(436.36443996429443, 14)
(436.8767511844635, 19)
(437.39668011665344, 47)
(437.91668605804443, 42)
(438.43188309669495, 43)
(438.96412205696106, 23)
(439.47620701789856, 5)
(440.0040521621704, 20)
(440.52225518226624, 6)
(441.0574460029602, 7)
(441.56970500946045, 4)
(442.0822331905365, 10)
(442.61376118659973, 15)
(443.13214111328125, 12)
(443.6539001464844, 6)
(444.173583984375, 6)
(444.7076861858368, 5)
(445.2228741645813, 5)
(445.73841309547424, 9)
(446.26133918762207, 2)
(446.78694319725037, 2)
(447.30670619010925, 3)
(447.8323030471802, 12)
(448.35794019699097, 44)
(448.893963098526, 42)
(449.41045808792114, 11)
(449.93001317977905, 3)
(450.45048117637634, 2)
(450.9709370136261, 2)
(451.4895250797272, 2)
(452.0118851661682, 0)
(452.5307991504669, 16)
(453.0531451702118, 7)
(453.60500502586365, 83)
(454.11832213401794, 138)
(454.63412714004517, 129)
(455.1461651325226, 99)
(455.65366196632385, 84)
(456.1618230342865, 93)
(456.68022298812866, 79)
(457.1881341934204, 86)
(457.71063804626465, 50)
(458.22493505477905, 57)
(458.73377799987793, 93)
(459.2618091106415, 91)
(459.77341508865356, 86)
(460.2890920639038, 71)
(460.81035017967224, 32)
(461.33142709732056, 7)
(461.8635251522064, 18)
(462.3812520503998, 41)
(462.9059159755707, 47)
(463.43809509277344, 54)
(463.95312118530273, 44)
(464.46604013442993, 44)
(464.99409008026123, 71)
(465.5152540206909, 84)
(466.05733704566956, 83)
(466.60294818878174, 42)
(467.13400411605835, 44)
(467.66900515556335, 19)
(468.2400071620941, 4)
(468.75149297714233, 3)
(469.2757661342621, 2)
(469.787397146225, 41)
(470.31301403045654, 41)
(470.8352200984955, 55)
(471.35289001464844, 49)
(471.88240218162537, 71)
(472.4212281703949, 90)
(472.9398510456085, 89)
(473.4613301753998, 56)
(473.977343082428, 23)
(474.4893801212311, 12)
(475.0246841907501, 11)
(475.55752396583557, 47)
(476.08423614501953, 48)
(476.5995349884033, 71)
(477.1166181564331, 16)
(477.64657402038574, 32)
(478.16173815727234, 8)
(478.6802260875702, 16)
(479.1873881816864, 8)
(479.7419011592865, 5)
(480.2637231349945, 2)
(480.7904460430145, 29)
(481.31189799308777, 44)
(481.84879207611084, 42)
(482.36731815338135, 43)
(482.8842191696167, 42)
(483.40481305122375, 49)
(483.93448996543884, 42)
(484.47217202186584, 111)
(484.9992241859436, 123)
(485.5196511745453, 125)
(486.07336497306824, 88)
(486.60401797294617, 93)
(487.1382431983948, 86)
(487.6547780036926, 48)
(488.1764221191406, 12)
(488.6912200450897, 16)
(489.2204990386963, 10)
(489.74418902397156, 20)
(490.2903711795807, 44)
(490.8014941215515, 43)
(491.38130807876587, 49)
(492.1183831691742, 128)
(492.65077209472656, 90)
(493.1618871688843, 88)
(493.7018220424652, 98)
(494.21322202682495, 98)
(494.74615812301636, 88)
(495.2573330402374, 86)
(495.78403401374817, 94)
(496.30358505249023, 92)
(496.8290071487427, 79)
(497.3653609752655, 9)
(497.9470121860504, 47)
(498.467502117157, 71)
(498.99155616760254, 57)
(499.52669501304626, 28)
(500.0625190734863, 36)
(500.57731914520264, 57)
(501.11731815338135, 51)
(501.6571521759033, 26)
(502.20040106773376, 21)
(502.71797800064087, 56)
(503.24256205558777, 86)
(503.77967715263367, 99)
(504.306969165802, 73)
(504.81909012794495, 90)
(505.3854031562805, 88)
(505.9017059803009, 86)
(506.4300901889801, 48)
(506.94937896728516, 78)
(507.4960629940033, 93)
(508.04166197776794, 89)
(508.5875630378723, 82)
(509.10735297203064, 79)
(509.6252121925354, 91)
(510.14976596832275, 83)
(510.67330598831177, 99)
(511.2281310558319, 114)
(511.761164188385, 99)
(512.2696771621704, 122)
(512.779354095459, 104)
(513.2905039787292, 111)
(513.8054180145264, 163)
(514.31316614151, 97)
(514.8293650150299, 98)
(515.3580660820007, 116)
(515.9006071090698, 104)
(516.4228789806366, 91)
(516.9525489807129, 87)
(517.4882020950317, 152)
(518.0137012004852, 147)
(518.5409121513367, 107)
(519.0743370056152, 120)
(519.5994260311127, 170)
(520.1198370456696, 191)
(520.6468560695648, 121)
(521.1622500419617, 64)
(521.7018849849701, 47)
(522.2261831760406, 44)
(522.7341990470886, 42)
(523.2418141365051, 48)
(523.7837631702423, 70)
(524.2935311794281, 83)
(524.8099150657654, 54)
(525.3303442001343, 50)
(525.8481180667877, 52)
(526.3573131561279, 35)
(526.8659930229187, 20)
(527.3779270648956, 44)
(527.887106180191, 44)
(528.4027850627899, 12)
(528.9544250965118, 10)
(529.4749710559845, 68)
(529.9825119972229, 75)
(530.5147390365601, 30)
(531.0681290626526, 10)
(531.5894520282745, 7)
(532.1037771701813, 6)
(532.6208581924438, 71)
(533.1311039924622, 105)
(533.6506991386414, 114)
(534.175369977951, 151)
(534.6924850940704, 99)
(535.2087860107422, 53)
(535.7471981048584, 51)
(536.2692341804504, 47)
(536.7919070720673, 32)
(537.3278529644012, 40)
(537.8475551605225, 42)
(538.3641581535339, 45)
(538.9036190509796, 43)
(539.4357061386108, 43)
(539.9580311775208, 50)
(540.4821979999542, 82)
(541.0127470493317, 98)
(541.5362510681152, 87)
(542.0445261001587, 98)
(542.5693621635437, 64)
(543.0770981311798, 48)
(543.585371017456, 79)
(544.1054840087891, 72)
(544.6137251853943, 16)
(545.1333131790161, 11)
(545.6490471363068, 18)
(546.190749168396, 8)
(546.7099480628967, 9)
(547.2347671985626, 65)
(547.7492470741272, 47)
(548.2820630073547, 32)
(548.8016619682312, 7)
(549.3277261257172, 14)
(550.0376920700073, 49)
(550.5776760578156, 51)
(551.1010611057281, 43)
(551.6323330402374, 42)
(552.1390290260315, 62)
(552.6710951328278, 50)
(553.1894290447235, 65)
(553.7156240940094, 94)
(554.2452480792999, 102)
(554.7736961841583, 97)
(555.2972099781036, 80)
(555.8326570987701, 54)
(556.3522419929504, 47)
(556.870019197464, 16)
(557.389662027359, 8)
(557.9233441352844, 12)
(558.4405651092529, 13)
(558.9580640792847, 14)
(559.4939231872559, 14)
(560.0104010105133, 7)
(560.5273489952087, 10)
(561.0452780723572, 12)
(561.5658421516418, 7)
(562.0858581066132, 4)
(562.6020390987396, 3)
(563.1219410896301, 2)
(563.6500451564789, 40)
(564.1700460910797, 43)
(564.6920001506805, 66)
(565.2104110717773, 46)
(565.7416841983795, 45)
(566.252051115036, 42)
(566.763265132904, 11)
(567.2760000228882, 2)
(567.8002600669861, 16)
(568.3212749958038, 17)
(568.8370161056519, 8)
(569.356122970581, 56)
(569.8858489990234, 132)
(570.405061006546, 96)
(570.9335551261902, 95)
(571.4510831832886, 64)
(571.9671521186829, 73)
(572.4939541816711, 83)
(573.0255069732666, 90)
(573.5704519748688, 92)
(574.1154041290283, 90)
(574.6461951732635, 86)
(575.1625440120697, 85)
(575.6988470554352, 95)
(576.2138321399689, 50)
(576.7362561225891, 16)
(577.2514259815216, 16)
(577.7700250148773, 25)
(578.3039410114288, 57)
(578.8501200675964, 67)
(579.3658001422882, 53)
(579.87992811203, 49)
(580.416424036026, 49)
(580.9355661869049, 57)
(581.469523191452, 87)
(581.9911811351776, 88)
(582.5263600349426, 61)
(583.0507102012634, 57)
(583.5752980709076, 44)
(584.0902831554413, 46)
(584.6260631084442, 46)
(585.1460990905762, 57)
(585.6661651134491, 45)
(586.1945650577545, 36)
(586.739785194397, 9)
(587.2532939910889, 60)
(587.7813091278076, 86)
(588.3042631149292, 88)
(588.829085111618, 64)
(589.3625020980835, 43)
(589.8785171508789, 45)
(590.4015100002289, 42)
(590.9273290634155, 43)
(591.4492020606995, 47)
(591.9739120006561, 44)
(592.4883770942688, 43)
(593.0282490253448, 29)
(593.5401201248169, 4)
(594.0519580841064, 3)
(594.5635390281677, 28)
(595.0866401195526, 7)
(595.6361711025238, 4)
(596.1494891643524, 4)
(596.8015611171722, 11)
(597.3523941040039, 28)
(597.8607070446014, 43)
(598.4034070968628, 45)
(598.9267699718475, 42)
(599.4393510818481, 40)
(599.9628031253815, 42)
(600.4857831001282, 74)
(601.0140211582184, 81)
(601.5292150974274, 56)
(602.045284986496, 44)
(602.5696589946747, 6)
(603.0958821773529, 11)
(603.6106472015381, 8)
(604.1253221035004, 7)
(604.6542761325836, 4)
(605.1670260429382, 2)
(605.7145280838013, 1)
(606.2418210506439, 45)
(606.7655951976776, 43)
(607.2878801822662, 43)
(607.7976801395416, 22)
(608.3254551887512, 9)
(608.8474011421204, 4)
(609.3887259960175, 4)
(609.9063811302185, 30)
(610.4273731708527, 42)
(610.9504501819611, 45)
(611.4635910987854, 12)
(612.0122339725494, 11)
(612.529452085495, 30)
(613.0527260303497, 49)
(613.570855140686, 47)
(614.1283659934998, 25)
(614.6466190814972, 26)
(615.161544084549, 4)
(615.6757731437683, 43)
(616.1945650577545, 18)
(616.7115371227264, 8)
(617.2329699993134, 6)
(617.751965045929, 7)
(618.2708170413971, 3)
(618.7837910652161, 0)
(619.3018600940704, 3)
(619.827584028244, 8)
(620.3441920280457, 2)
(620.8562500476837, 2)
(621.3676390647888, 2)
(621.9010059833527, 2)
(622.4166259765625, 4)
(622.9436700344086, 10)
(623.4768211841583, 4)
(624.0216779708862, 17)
(624.545627117157, 10)
(625.0738990306854, 33)
(625.5948240756989, 50)
(626.1179800033569, 50)
(626.6422719955444, 54)
(627.1631259918213, 57)
(627.7099010944366, 103)
(628.2403340339661, 55)
(628.7810010910034, 63)
(629.2991960048676, 13)
(629.8399980068207, 10)
(630.3571150302887, 18)
(630.9072680473328, 21)
(631.4734680652618, 12)
(632.216835975647, 7)
(632.9166011810303, 35)
(633.4553060531616, 69)
(633.9729871749878, 34)
