(0, 0)
(0.5021600723266602, 7)
(1.019841194152832, 41)
(1.555629014968872, 53)
(2.082261085510254, 9)
(2.613056182861328, 7)
(3.142848014831543, 11)
(3.701328992843628, 23)
(4.212046146392822, 2)
(4.720445156097412, 2)
(5.231466054916382, 2)
(5.741192102432251, 2)
(6.270126104354858, 0)
(6.793833017349243, 11)
(7.309686183929443, 13)
(7.826466083526611, 46)
(8.360436201095581, 38)
(8.8802649974823, 14)
(9.41185998916626, 27)
(9.931579113006592, 46)
(10.454079151153564, 42)
(10.970040082931519, 63)
(11.487765073776245, 7)
(12.013280153274536, 6)
(12.54494309425354, 9)
(13.056204080581665, 10)
(13.581982135772705, 2)
(14.101668119430542, 29)
(14.621397018432617, 7)
(15.143692016601562, 11)
(15.660406112670898, 33)
(16.171171188354492, 10)
(16.702062129974365, 7)
(17.222838163375854, 6)
(17.745649099349976, 4)
(18.253441095352173, 26)
(18.778715133666992, 42)
(19.312366008758545, 12)
(19.827717065811157, 37)
(20.339484214782715, 63)
(20.852756023406982, 40)
(21.373290061950684, 11)
(21.88243317604065, 42)
(22.42331099510193, 21)
(22.95450210571289, 7)
(23.477768182754517, 3)
(24.001055002212524, 2)
(24.51996898651123, 2)
(25.03768801689148, 1)
(25.56521511077881, 0)
(26.087175130844116, 22)
(26.610602140426636, 47)
(27.138315200805664, 45)
(27.65115714073181, 10)
(28.18854808807373, 10)
(28.72935914993286, 6)
(29.2641761302948, 14)
(29.857158184051514, 38)
(30.37772011756897, 24)
(30.888837099075317, 11)
(31.43801999092102, 35)
(31.96030020713806, 30)
(32.480231046676636, 19)
(33.030386209487915, 31)
(33.56522011756897, 29)
(34.103238105773926, 9)
(34.632286071777344, 6)
(35.18471908569336, 13)
(35.71245002746582, 7)
(36.242796182632446, 15)
(36.78032112121582, 9)
(37.322519063949585, 12)
(37.852845191955566, 6)
(38.39027500152588, 6)
(38.90754008293152, 4)
(39.42838907241821, 9)
(39.99360108375549, 2)
(40.548325061798096, 14)
(41.08285713195801, 4)
(41.63783502578735, 4)
(42.16887807846069, 2)
(42.70533514022827, 13)
(43.24224805831909, 3)
(43.79143500328064, 2)
(44.32364010810852, 2)
(44.96538019180298, 2)
(45.490013122558594, 0)
(46.02891206741333, 0)
(46.59172201156616, 0)
(47.144829988479614, 0)
(47.68190407752991, 0)
(48.26171612739563, 2)
(48.79861116409302, 21)
(49.35375714302063, 5)
(49.89186120033264, 27)
(50.431411027908325, 34)
(50.9596221446991, 7)
(51.55626606941223, 8)
(52.11137318611145, 32)
(52.718597173690796, 33)
(53.2735071182251, 39)
(53.795536041259766, 30)
(54.323331117630005, 30)
(54.869994163513184, 2)
(55.39663100242615, 17)
(55.92044711112976, 59)
(56.44933009147644, 48)
(57.0928111076355, 32)
(57.627838134765625, 24)
(58.164772033691406, 34)
(58.69174408912659, 37)
(59.208152055740356, 47)
(59.72290110588074, 14)
(60.237399101257324, 7)
(60.77071404457092, 28)
(61.285343170166016, 43)
(61.848297119140625, 0)
(62.409109115600586, 0)
(62.96547198295593, 0)
(63.504828214645386, 0)
(64.02946019172668, 5)
(64.54521012306213, 35)
(65.10283708572388, 37)
(65.6377100944519, 38)
(66.15736103057861, 30)
(66.6759819984436, 8)
(67.20177412033081, 8)
(67.7297010421753, 7)
(68.24613499641418, 6)
(68.81086707115173, 2)
(69.37949204444885, 0)
(69.91677403450012, 0)
(70.43952012062073, 6)
(70.97503304481506, 8)
(71.49694108963013, 4)
(72.0212972164154, 10)
(72.53930807113647, 16)
(73.06510806083679, 17)
(73.59383821487427, 17)
(74.12535810470581, 9)
(74.64632606506348, 7)
(75.17999315261841, 41)
(75.71075105667114, 21)
(76.24166917800903, 5)
(76.76429915428162, 35)
(77.29104113578796, 37)
(77.80581212043762, 9)
(78.33449816703796, 2)
(78.853924036026, 2)
(79.3736641407013, 2)
(79.89735913276672, 15)
(80.42012000083923, 27)
(80.92997002601624, 48)
(81.440101146698, 12)
(81.96034407615662, 15)
(82.47912621498108, 44)
(82.98685717582703, 20)
(83.4959921836853, 27)
(84.02184510231018, 42)
(84.5451180934906, 44)
(85.0698401927948, 34)
(85.59205317497253, 2)
(86.10488820075989, 8)
(86.64506411552429, 10)
(87.1727921962738, 5)
(87.69951319694519, 11)
(88.22757816314697, 47)
(88.84595012664795, 40)
(89.37047719955444, 33)
(89.90088105201721, 46)
(90.41671800613403, 49)
(90.93884611129761, 53)
(91.48520612716675, 30)
(92.0074691772461, 11)
(92.5269889831543, 10)
(93.07024002075195, 7)
(93.5964150428772, 10)
(94.13204717636108, 10)
(94.65813899040222, 7)
(95.1858651638031, 5)
(95.69611310958862, 4)
(96.23924016952515, 3)
(96.80715703964233, 9)
(97.33762812614441, 2)
(97.88554406166077, 2)
(98.42664408683777, 16)
(98.94180798530579, 3)
(99.4893491268158, 14)
(100.01309108734131, 5)
(100.55387115478516, 4)
(101.08289909362793, 20)
(101.61143112182617, 39)
(102.14090204238892, 4)
(102.69064021110535, 4)
(103.27414107322693, 20)
(103.81992816925049, 53)
(104.38416910171509, 32)
(104.89539504051208, 6)
(105.41725206375122, 6)
(105.94914507865906, 41)
(106.48821902275085, 65)
(107.01589918136597, 43)
(107.53556203842163, 41)
(108.05922198295593, 20)
(108.59391808509827, 2)
(109.11645102500916, 2)
(109.65215611457825, 9)
(110.17270803451538, 17)
(110.70098209381104, 55)
(111.2201030254364, 24)
(111.73649501800537, 10)
(112.25758504867554, 20)
(112.79812002182007, 23)
(113.33363699913025, 25)
(113.87576413154602, 18)
(114.4380509853363, 6)
(114.96052598953247, 6)
(115.4815661907196, 0)
(115.99967312812805, 14)
(116.55782103538513, 27)
(117.09114217758179, 26)
(117.6199381351471, 35)
(118.15266299247742, 17)
(118.68571519851685, 33)
(119.22582411766052, 11)
(119.78841304779053, 3)
(120.30945801734924, 58)
(120.83815598487854, 124)
(121.3643810749054, 27)
(121.92539811134338, 41)
(122.45907807350159, 40)
(122.97280502319336, 24)
(123.49570512771606, 32)
(124.0243890285492, 66)
(124.56265902519226, 62)
(125.110915184021, 6)
(125.65045118331909, 16)
(126.17853999137878, 27)
(126.69534611701965, 26)
(127.22124814987183, 5)
(127.75036716461182, 1)
(128.27005815505981, 1)
(128.78871321678162, 49)
(129.40249609947205, 29)
(129.94289302825928, 19)
(130.50399708747864, 2)
(131.02413702011108, 3)
(131.55526113510132, 3)
(132.10208010673523, 29)
(132.62749600410461, 33)
(133.15499019622803, 16)
(133.67957210540771, 10)
(134.20219707489014, 28)
(134.7175362110138, 39)
(135.241375207901, 8)
(135.75596618652344, 53)
(136.28243207931519, 51)
(136.82246708869934, 43)
(137.44185614585876, 40)
(137.98917412757874, 35)
(138.5029911994934, 13)
(139.02483105659485, 30)
(139.55121612548828, 28)
(140.0927929878235, 18)
(140.60945320129395, 12)
(141.14473414421082, 6)
(141.6816201210022, 76)
(142.22358202934265, 57)
(142.73551607131958, 17)
(143.26742219924927, 50)
(143.8125400543213, 5)
(144.3805501461029, 10)
(144.93468403816223, 4)
(145.4654049873352, 4)
(145.99685907363892, 21)
(146.54122805595398, 5)
(147.0761981010437, 2)
(147.60288619995117, 2)
(148.128564119339, 24)
(148.64997100830078, 19)
(149.2333881855011, 12)
(149.7419650554657, 6)
(150.29747414588928, 7)
(150.82206320762634, 4)
(151.3603961467743, 1)
(151.92455410957336, 0)
(152.46820902824402, 0)
(152.99535298347473, 0)
(153.5195231437683, 0)
(154.0785710811615, 8)
(154.69464802742004, 7)
(155.2082941532135, 9)
(155.7338662147522, 4)
(156.27348709106445, 5)
(156.783301115036, 3)
(157.3119192123413, 1)
(157.8247799873352, 0)
(158.37411403656006, 6)
(158.92400908470154, 3)
(159.4607880115509, 2)
(160.02339601516724, 40)
(160.5761330127716, 33)
(161.14416217803955, 30)
(161.724680185318, 20)
(162.28015208244324, 16)
(162.80174207687378, 14)
(163.3456630706787, 30)
(163.90718698501587, 22)
(164.4452781677246, 36)
(164.96422219276428, 30)
(165.48971509933472, 7)
(166.0013861656189, 11)
(166.51207613945007, 4)
(167.02387309074402, 4)
(167.53339219093323, 9)
(168.08010721206665, 4)
(168.6304190158844, 3)
(169.15714621543884, 4)
(169.6728711128235, 6)
(170.19269919395447, 3)
(170.73224806785583, 2)
(171.24709916114807, 2)
(171.7821671962738, 39)
(172.3354470729828, 42)
(172.85807609558105, 31)
(173.37558603286743, 56)
(173.92224621772766, 4)
(174.4538130760193, 5)
(174.98258805274963, 4)
(175.5122561454773, 4)
(176.08222913742065, 12)
(176.61560201644897, 3)
(177.13658714294434, 25)
(177.7347321510315, 50)
(178.25841903686523, 37)
(178.77685618400574, 7)
(179.33109998703003, 5)
(179.8448932170868, 1)
(180.42085909843445, 6)
(180.97564005851746, 2)
(181.4957311153412, 7)
(182.01357316970825, 9)
(182.58052921295166, 7)
(183.1054081916809, 23)
(183.6515760421753, 23)
(184.1916480064392, 16)
(184.72006607055664, 8)
(185.24672508239746, 8)
(185.76449704170227, 17)
(186.3062710762024, 5)
(186.86482310295105, 2)
(187.42664217948914, 43)
(187.94556307792664, 44)
(188.45619916915894, 37)
(188.97745609283447, 66)
(189.49451112747192, 33)
(190.01848912239075, 23)
(190.55573916435242, 45)
(191.0874102115631, 40)
(191.60710501670837, 41)
(192.1505880355835, 33)
(192.67856621742249, 13)
(193.2125780582428, 8)
(193.7410111427307, 2)
(194.28673005104065, 2)
(194.82012104988098, 3)
(195.34387612342834, 1)
(195.87965416908264, 31)
(196.4162781238556, 51)
(196.95749402046204, 30)
(197.49357414245605, 2)
(198.0318741798401, 15)
(198.54874205589294, 41)
(199.0971519947052, 54)
(199.63042306900024, 24)
(200.18015313148499, 0)
(200.7126841545105, 35)
(201.25670504570007, 46)
(201.79141211509705, 42)
(202.34283900260925, 18)
(202.85733819007874, 14)
(203.4133231639862, 6)
(203.94410514831543, 3)
(204.4884090423584, 20)
(205.04218816757202, 49)
(205.5836901664734, 42)
(206.1043050289154, 24)
(206.6336431503296, 12)
(207.21578001976013, 25)
(207.74693298339844, 24)
(208.2734591960907, 50)
(208.79404211044312, 12)
(209.33120203018188, 2)
(209.86094403266907, 1)
(210.40210914611816, 18)
(210.9428231716156, 2)
(211.46533608436584, 2)
(212.0082290172577, 2)
(212.53339099884033, 2)
(213.08679008483887, 16)
(213.635644197464, 26)
(214.16405200958252, 40)
(214.7516770362854, 34)
(215.3047490119934, 45)
(215.86576104164124, 44)
(216.41328620910645, 34)
(216.93601417541504, 33)
(217.46134305000305, 48)
(217.98356914520264, 15)
(218.5615940093994, 6)
(219.12519216537476, 15)
(219.7778491973877, 33)
(220.30436515808105, 68)
(220.84780716896057, 5)
(221.37979102134705, 5)
(221.89715313911438, 4)
(222.4644491672516, 2)
(223.01331901550293, 0)
(223.56703519821167, 12)
(224.0871000289917, 36)
(224.69979906082153, 43)
(225.2308280467987, 64)
(225.75537300109863, 54)
(226.2651391029358, 19)
(226.77791118621826, 31)
(227.30891108512878, 24)
(227.85267519950867, 0)
(228.38232398033142, 28)
(228.9427421092987, 43)
(229.480455160141, 2)
(229.9957480430603, 2)
(230.5847430229187, 3)
(231.09724807739258, 2)
(231.64792919158936, 34)
(232.18560814857483, 40)
(232.71851921081543, 48)
(233.24801111221313, 19)
(233.77869415283203, 2)
(234.28817105293274, 8)
(234.84624814987183, 11)
(235.38419198989868, 10)
(235.9012770652771, 6)
(236.4120090007782, 4)
(236.944030046463, 5)
(237.48510313034058, 29)
(238.00504112243652, 92)
(238.5210201740265, 41)
(239.04326820373535, 6)
(239.55410313606262, 6)
(240.11321020126343, 2)
(240.65073609352112, 3)
(241.20638513565063, 0)
(241.73351907730103, 0)
(242.2669961452484, 0)
(242.81864404678345, 6)
(243.34724307060242, 7)
(243.87383818626404, 42)
(244.44714903831482, 7)
(244.9829170703888, 39)
(245.50782704353333, 37)
(246.03360605239868, 11)
(246.5770661830902, 5)
(247.1121780872345, 5)
(247.64128398895264, 8)
(248.16974210739136, 4)
(248.6814410686493, 13)
(249.1931381225586, 23)
(249.70190405845642, 8)
(250.21215915679932, 8)
(250.7283170223236, 40)
(251.25407004356384, 17)
(251.78565907478333, 16)
(252.37508606910706, 31)
(252.90431213378906, 15)
(253.4936740398407, 12)
(254.0107741355896, 8)
(254.54980421066284, 18)
(255.06145000457764, 31)
(255.5895540714264, 32)
(256.10480308532715, 4)
(256.627503156662, 10)
(257.1549491882324, 5)
(257.74483919143677, 3)
(258.29354310035706, 3)
(258.8333010673523, 18)
(259.36401319503784, 4)
(259.89585614204407, 4)
(260.415607213974, 11)
(260.9451801776886, 26)
(261.4847710132599, 46)
(262.0195062160492, 4)
(262.540256023407, 2)
(263.07652020454407, 0)
(263.60585618019104, 6)
(264.13964104652405, 2)
(264.67488718032837, 2)
(265.19324707984924, 2)
(265.7170011997223, 2)
(266.288871049881, 5)
(266.80971908569336, 2)
(267.33574509620667, 36)
(267.90057611465454, 44)
(268.450168132782, 59)
(268.9657230377197, 50)
(269.48022413253784, 13)
(269.99285221099854, 8)
(270.5269000530243, 2)
(271.1218922138214, 36)
(271.7010281085968, 55)
(272.23702216148376, 2)
(272.7783122062683, 2)
(273.3085310459137, 2)
(273.8552420139313, 0)
(274.36587405204773, 8)
(274.88360714912415, 36)
(275.4069471359253, 80)
(275.92458510398865, 19)
(276.44517517089844, 3)
(276.98472809791565, 2)
(277.5009410381317, 13)
(278.1518621444702, 29)
(278.70763301849365, 48)
(279.2350091934204, 7)
(279.77621507644653, 4)
(280.30806517601013, 14)
(280.8418071269989, 3)
(281.36510705947876, 2)
(281.9037971496582, 2)
(282.43474102020264, 2)
(282.9688889980316, 21)
(283.51171612739563, 2)
(284.02846598625183, 2)
(284.55595111846924, 2)
(285.15455508232117, 17)
(285.6818401813507, 5)
(286.1995379924774, 13)
(286.7247362136841, 6)
(287.25199699401855, 5)
(287.7726562023163, 5)
(288.30841302871704, 53)
(288.83860516548157, 66)
(289.40318417549133, 58)
(289.93854117393494, 6)
(290.4645471572876, 2)
(290.9893310070038, 0)
(291.51349902153015, 0)
(292.0502710342407, 0)
(292.63566613197327, 26)
(293.16917419433594, 15)
(293.69666814804077, 27)
(294.2060091495514, 27)
(294.73488306999207, 21)
(295.26194405555725, 10)
(295.7849931716919, 9)
(296.3154730796814, 12)
(296.9047510623932, 64)
(297.4639720916748, 56)
(297.9872980117798, 108)
(298.5153760910034, 18)
(299.0689640045166, 16)
(299.61287212371826, 9)
(300.13754510879517, 9)
(300.66087102890015, 3)
(301.1895010471344, 47)
(301.71140909194946, 29)
(302.2486460208893, 7)
(302.7717430591583, 5)
(303.30889916419983, 5)
(303.83801102638245, 4)
(304.35393810272217, 6)
(304.8697090148926, 2)
(305.40396904945374, 3)
(305.91867113113403, 2)
(306.43798208236694, 1)
(306.9628059864044, 6)
(307.4859972000122, 2)
(308.0246391296387, 2)
(308.5332510471344, 2)
(309.05090403556824, 2)
(309.5915880203247, 0)
(310.11849999427795, 38)
(310.6450049877167, 40)
(311.1737790107727, 38)
(311.7119200229645, 0)
(312.23277020454407, 0)
(312.76426219940186, 0)
(313.2989511489868, 0)
(313.82778310775757, 0)
(314.3697690963745, 0)
(314.8890872001648, 0)
(315.4137680530548, 0)
(315.94020414352417, 8)
(316.46476316452026, 17)
(316.9834530353546, 43)
(317.5089111328125, 49)
(318.0455892086029, 20)
(318.5634231567383, 7)
(319.1494891643524, 15)
(319.6587710380554, 8)
(320.18552017211914, 12)
(320.7058081626892, 4)
(321.22256207466125, 3)
(321.7452700138092, 2)
(322.27340817451477, 2)
(322.83253598213196, 0)
(323.36500310897827, 0)
(323.8854591846466, 0)
(324.4325749874115, 0)
(324.94762921333313, 6)
(325.5118250846863, 24)
(326.06185817718506, 59)
(326.57632207870483, 52)
(327.08989000320435, 49)
(327.60465002059937, 3)
(328.1204330921173, 0)
(328.693745136261, 19)
(329.23170804977417, 42)
(329.753769159317, 6)
(330.2849621772766, 0)
(330.8333430290222, 0)
(331.3548231124878, 9)
(331.9046700000763, 13)
(332.45257902145386, 45)
(332.97608709335327, 32)
(333.5059320926666, 8)
(334.02306509017944, 3)
(334.5532720088959, 1)
(335.16109800338745, 32)
(335.67831206321716, 35)
(336.20666909217834, 27)
(336.7455689907074, 39)
(337.26708912849426, 45)
(337.7943480014801, 7)
(338.32295298576355, 10)
(338.8481390476227, 4)
(339.38995003700256, 54)
(339.93668699264526, 28)
(340.476900100708, 62)
(341.00903701782227, 38)
(341.52727603912354, 10)
(342.0440630912781, 6)
(342.5659580230713, 7)
(343.17510199546814, 2)
(343.71943521499634, 8)
(344.2347230911255, 7)
(344.74829602241516, 44)
(345.2651209831238, 73)
(345.7965850830078, 27)
(346.31221103668213, 14)
(346.8381609916687, 42)
(347.35928106307983, 28)
(347.879842042923, 2)
(348.42445707321167, 2)
(348.94592905044556, 34)
(349.4734032154083, 31)
(349.9958620071411, 6)
(350.53443717956543, 2)
(351.05765318870544, 31)
(351.63645601272583, 93)
(352.22329807281494, 18)
(352.73799419403076, 13)
(353.2523820400238, 55)
(353.77446007728577, 9)
(354.2992980480194, 8)
(354.8380181789398, 4)
(355.36083006858826, 11)
(355.8754041194916, 5)
(356.3941180706024, 4)
(356.91466903686523, 11)
(357.4490041732788, 10)
(357.97859621047974, 26)
(358.50342321395874, 40)
(359.03839802742004, 44)
(359.5654091835022, 30)
(360.0880560874939, 10)
(360.61388206481934, 0)
(361.13002705574036, 5)
(361.6392002105713, 2)
(362.1615459918976, 8)
(362.6830530166626, 26)
(363.19371509552, 43)
(363.7055160999298, 26)
(364.2241711616516, 24)
(364.73498702049255, 34)
(365.25966215133667, 32)
(365.78127217292786, 46)
(366.3088080883026, 115)
(366.86801314353943, 25)
(367.39138102531433, 27)
(367.90580010414124, 29)
(368.42589116096497, 34)
(368.94746112823486, 18)
(369.496817111969, 3)
(370.01038098335266, 8)
(370.5558741092682, 16)
(371.0677251815796, 11)
(371.58631205558777, 14)
(372.1151340007782, 11)
(372.6518180370331, 17)
(373.22201704978943, 31)
(373.74471616744995, 6)
(374.28368616104126, 21)
(374.8251700401306, 24)
(375.37455105781555, 15)
(375.89225816726685, 8)
(376.41849517822266, 8)
(376.9433400630951, 6)
(377.4819190502167, 13)
(378.0107820034027, 4)
(378.5480320453644, 2)
(379.092490196228, 2)
(379.60830307006836, 2)
(380.18656611442566, 44)
(380.71552205085754, 21)
(381.3060131072998, 38)
(381.8267550468445, 75)
(382.3445930480957, 34)
(382.8916440010071, 20)
(383.4156050682068, 40)
(383.93638706207275, 1)
(384.4860761165619, 1)
(385.02315306663513, 5)
(385.5594630241394, 55)
(386.07236313819885, 48)
(386.6007812023163, 12)
(387.12655901908875, 3)
(387.6544921398163, 25)
(388.174033164978, 64)
(388.68224811553955, 51)
(389.21628999710083, 38)
(389.76262521743774, 91)
(390.2891981601715, 53)
(390.8140320777893, 8)
(391.3776710033417, 47)
(391.90161514282227, 67)
(392.4334170818329, 7)
(392.9417130947113, 5)
(393.48177003860474, 11)
(394.01009607315063, 7)
(394.5361931324005, 2)
(395.04418110847473, 27)
(395.5961060523987, 6)
(396.12569212913513, 6)
(396.64563512802124, 4)
(397.1641662120819, 10)
(397.68582105636597, 2)
(398.2197051048279, 3)
(398.7547821998596, 2)
(399.29457116127014, 2)
(399.82292318344116, 0)
(400.37660217285156, 0)
(400.91928601264954, 6)
(401.46288800239563, 2)
(402.00613617897034, 2)
(402.54833698272705, 3)
(403.0706810951233, 1)
(403.60359716415405, 0)
(404.16183519363403, 0)
(404.70099115371704, 7)
(405.2236909866333, 2)
(405.7417070865631, 2)
(406.26200914382935, 2)
(406.78959918022156, 7)
(407.32791113853455, 8)
(407.8469581604004, 4)
(408.3845992088318, 7)
(408.9148302078247, 24)
(409.44276213645935, 41)
(409.9998161792755, 55)
(410.52053713798523, 40)
(411.0614640712738, 13)
(411.5904350280762, 12)
(412.1181290149689, 9)
(412.63615703582764, 4)
(413.2058880329132, 0)
(413.72142601013184, 0)
(414.25779008865356, 0)
(414.77388310432434, 15)
(415.3020009994507, 2)
(415.82397198677063, 48)
(416.38145303726196, 31)
(416.901328086853, 41)
(417.4465591907501, 11)
(417.9975690841675, 5)
(418.54152512550354, 13)
(419.0876290798187, 7)
(419.6223680973053, 13)
(420.17008900642395, 7)
(420.7156071662903, 6)
(421.25770711898804, 2)
(421.78819012641907, 4)
(422.36575412750244, 8)
(422.8892650604248, 6)
(423.40137219429016, 43)
(423.91873598098755, 4)
(424.4724061489105, 3)
(425.0355980396271, 12)
(425.57138299942017, 7)
(426.12089920043945, 7)
(426.6461009979248, 4)
(427.1757140159607, 16)
(427.7268981933594, 40)
(428.26122212409973, 34)
(428.82055401802063, 20)
(429.36531710624695, 55)
(429.9368770122528, 33)
(430.45368218421936, 9)
(430.97938299179077, 2)
(431.51274514198303, 0)
(432.0634551048279, 0)
(432.5928192138672, 6)
(433.12076020240784, 2)
(433.63743805885315, 10)
(434.1852560043335, 40)
(434.71393609046936, 60)
(435.2315731048584, 24)
(435.78840613365173, 7)
(436.3204970359802, 12)
(436.8677520751953, 14)
(437.38981008529663, 42)
(437.9340670108795, 8)
(438.46095514297485, 2)
(438.9724750518799, 1)
(439.4980812072754, 0)
(440.0537760257721, 20)
(440.58420515060425, 5)
(441.13443398475647, 5)
(441.65592312812805, 4)
(442.1894500255585, 11)
(442.72598099708557, 14)
(443.357125043869, 13)
(443.90563011169434, 8)
(444.4453721046448, 6)
(444.972638130188, 3)
(445.53123211860657, 12)
(446.09101819992065, 2)
(446.6386630535126, 3)
(447.1874771118164, 2)
(447.74176502227783, 10)
(448.27099204063416, 35)
(448.8018481731415, 34)
(449.3452181816101, 2)
(449.87416911125183, 2)
(450.3896601200104, 0)
(450.91738200187683, 0)
(451.4540481567383, 0)
(451.97691917419434, 0)
(452.5264320373535, 11)
(453.0493791103363, 8)
(453.59386706352234, 52)
(454.1141321659088, 74)
(454.6308410167694, 89)
(455.143452167511, 13)
(455.66138315200806, 5)
(456.17889499664307, 10)
(456.6933100223541, 13)
(457.229887008667, 36)
(457.7615170478821, 13)
(458.3151581287384, 16)
(458.8238501548767, 49)
(459.3370940685272, 39)
(459.85379004478455, 6)
(460.36433005332947, 5)
(460.88639521598816, 11)
(461.4222710132599, 2)
(461.98023104667664, 14)
(462.55233216285706, 41)
(463.1055111885071, 34)
(463.629545211792, 13)
(464.19163513183594, 4)
(464.74303913116455, 8)
(465.2573812007904, 42)
(465.7802550792694, 20)
(466.3117091655731, 0)
(466.8378391265869, 0)
(467.3640761375427, 0)
(467.9095530509949, 0)
(468.4646542072296, 0)
(468.9956121444702, 0)
(469.53666710853577, 17)
(470.0692021846771, 41)
(470.58737802505493, 7)
(471.1253662109375, 36)
(471.6568331718445, 53)
(472.19495701789856, 68)
(472.7168071269989, 28)
(473.2591001987457, 29)
(473.80160212516785, 11)
(474.32639718055725, 10)
(474.837158203125, 6)
(475.3519251346588, 26)
(475.87720704078674, 46)
(476.4089231491089, 33)
(476.9177281856537, 24)
(477.45335507392883, 34)
(477.97473216056824, 8)
(478.5127651691437, 9)
(479.0335850715637, 11)
(479.56559109687805, 6)
(480.1022050380707, 3)
(480.629732131958, 14)
(481.15422201156616, 43)
(481.6896650791168, 22)
(482.2318739891052, 2)
(482.7658472061157, 2)
(483.3003520965576, 8)
(483.8257670402527, 2)
(484.34532403945923, 34)
(484.8943409919739, 37)
(485.428857088089, 74)
(485.94562816619873, 5)
(486.4925720691681, 8)
(487.00914120674133, 7)
(487.5297989845276, 4)
(488.13377618789673, 6)
(488.66472911834717, 12)
(489.20417308807373, 4)
(489.73083305358887, 13)
(490.24721002578735, 39)
(490.7775661945343, 28)
(491.3514051437378, 22)
(491.9068570137024, 33)
(492.43393421173096, 42)
(492.97202801704407, 29)
(493.5542621612549, 9)
(494.0732560157776, 22)
(494.64337611198425, 9)
(495.1537561416626, 4)
(495.6718370914459, 12)
(496.1895401477814, 12)
(496.69702100753784, 6)
(497.21932220458984, 5)
(497.73237109184265, 31)
(498.25224709510803, 47)
(498.7841420173645, 36)
(499.3359520435333, 36)
(499.86012721061707, 22)
(500.3890721797943, 54)
(500.9254961013794, 25)
(501.4852252006531, 6)
(502.021192073822, 11)
(502.55836510658264, 47)
(503.0974340438843, 56)
(503.60528016090393, 31)
(504.1325571537018, 4)
(504.6475160121918, 21)
(505.18534898757935, 49)
(505.7144989967346, 6)
(506.235769033432, 10)
(506.76053500175476, 25)
(507.314218044281, 27)
(507.887423992157, 2)
(508.4181661605835, 1)
(508.93802309036255, 0)
(509.49362206459045, 0)
(510.0034611225128, 8)
(510.51545310020447, 14)
(511.02931213378906, 13)
(511.56594610214233, 39)
(512.0920321941376, 25)
(512.5990509986877, 3)
(513.1379961967468, 36)
(513.6966421604156, 39)
(514.2102530002594, 22)
(514.7265310287476, 15)
(515.2631230354309, 25)
(515.7778351306915, 22)
(516.311056137085, 9)
(516.8253710269928, 30)
(517.3408122062683, 45)
(517.8653740882874, 28)
(518.3895330429077, 55)
(518.9484820365906, 5)
(519.4683320522308, 5)
(519.9872090816498, 2)
(520.505499124527, 2)
(521.0278542041779, 5)
(521.5554502010345, 6)
(522.0816349983215, 10)
(522.6093790531158, 6)
(523.1384561061859, 4)
(523.6510610580444, 16)
(524.1658110618591, 52)
(524.6895461082458, 22)
(525.1990461349487, 8)
(525.7128131389618, 10)
(526.2364621162415, 5)
(526.7648301124573, 13)
(527.3016021251678, 44)
(527.8282890319824, 17)
(528.3527162075043, 0)
(528.8753690719604, 4)
(529.383688211441, 63)
(529.896537065506, 57)
(530.425849199295, 6)
(530.9812741279602, 8)
(531.4894380569458, 4)
(532.0053491592407, 3)
(532.515034198761, 57)
(533.0520691871643, 77)
(533.5677151679993, 57)
(534.0945241451263, 58)
(534.6092791557312, 68)
(535.1369280815125, 4)
(535.663339138031, 4)
(536.2404501438141, 2)
(536.7967371940613, 0)
(537.3187401294708, 40)
(537.8310761451721, 25)
(538.3685681819916, 0)
(538.8933281898499, 0)
(539.4178810119629, 2)
(539.9537680149078, 8)
(540.4940071105957, 18)
(541.0458641052246, 26)
(541.6049001216888, 44)
(542.1435492038727, 20)
(542.6761062145233, 15)
(543.2165851593018, 9)
(543.7386209964752, 19)
(544.2497160434723, 38)
(544.7756021022797, 38)
(545.3054580688477, 12)
(545.8252320289612, 10)
(546.333475112915, 7)
(546.8427309989929, 36)
(547.3575880527496, 45)
(547.8967101573944, 23)
(548.4241561889648, 5)
(548.9513030052185, 4)
(549.4640591144562, 25)
(549.9916381835938, 32)
(550.5222420692444, 2)
(551.0676829814911, 2)
(551.5928871631622, 2)
(552.1206750869751, 27)
(552.6458871364594, 3)
(553.1991121768951, 26)
(553.7276329994202, 29)
(554.2434570789337, 24)
(554.7696940898895, 28)
(555.2859079837799, 45)
(555.7975649833679, 11)
(556.3068749904633, 2)
(556.8355209827423, 11)
(557.3752760887146, 4)
(557.8907651901245, 9)
(558.4189550876617, 15)
(558.9397370815277, 17)
(559.4568650722504, 6)
(559.9820551872253, 11)
(560.4970300197601, 11)
(561.0140461921692, 8)
(561.5397369861603, 5)
(562.057610988617, 4)
(562.5799770355225, 3)
(563.1066741943359, 12)
(563.6454010009766, 46)
(564.167848110199, 20)
(564.6842579841614, 42)
(565.2332520484924, 10)
(565.8454949855804, 1)
(566.3876512050629, 0)
(566.9200260639191, 0)
(567.4328510761261, 9)
(567.9556570053101, 18)
(568.5110001564026, 7)
(569.0427930355072, 25)
(569.6026721000671, 62)
(570.1279501914978, 61)
(570.652594089508, 49)
(571.1698989868164, 13)
(571.6915740966797, 27)
(572.2377071380615, 28)
(572.753988981247, 43)
(573.2676720619202, 19)
(573.8042771816254, 30)
(574.3162760734558, 8)
(574.8291389942169, 5)
(575.3506591320038, 7)
(575.9101431369781, 12)
(576.4454071521759, 5)
(576.95516705513, 11)
(577.4699201583862, 15)
(577.9876821041107, 44)
(578.5468711853027, 51)
(579.0706250667572, 10)
(579.6149170398712, 11)
(580.1477210521698, 8)
(580.6763670444489, 15)
(581.2066240310669, 29)
(581.7463262081146, 26)
(582.2811191082001, 22)
(582.8107581138611, 14)
(583.343090057373, 3)
(583.8768930435181, 2)
(584.4205901622772, 2)
(584.945582151413, 16)
(585.4621920585632, 5)
(585.9797010421753, 15)
(586.5088770389557, 6)
(587.0345661640167, 43)
(587.5670650005341, 86)
(588.0827879905701, 13)
(588.6114711761475, 0)
(589.1218202114105, 0)
(589.6401360034943, 0)
(590.1581921577454, 0)
(590.6804420948029, 0)
(591.2365381717682, 7)
(591.7474341392517, 2)
(592.260162115097, 2)
(592.7718391418457, 2)
(593.2811200618744, 2)
(593.7903339862823, 1)
(594.3034582138062, 23)
(594.8387711048126, 5)
(595.3480842113495, 4)
(595.8972520828247, 4)
(596.4107711315155, 10)
(596.9211211204529, 7)
(597.4389541149139, 43)
(597.9670610427856, 23)
(598.496896982193, 3)
(599.0191311836243, 0)
(599.5379331111908, 0)
(600.0674819946289, 4)
(600.6609120368958, 25)
(601.1952300071716, 31)
(601.7212581634521, 6)
(602.2399821281433, 7)
(602.7605450153351, 2)
(603.3388891220093, 9)
(603.8984370231628, 4)
(604.435221195221, 4)
(604.9632320404053, 2)
(605.4858059883118, 2)
(606.0060360431671, 37)
(606.5335130691528, 28)
(607.1260211467743, 18)
(607.650680065155, 2)
(608.1805231571198, 8)
(608.6967420578003, 2)
(609.2575240135193, 3)
(609.7843999862671, 22)
(610.3236701488495, 45)
(610.8769071102142, 14)
(611.3933370113373, 12)
(611.9369740486145, 8)
(612.5316581726074, 29)
(613.0669620037079, 35)
(613.6115810871124, 4)
(614.1393351554871, 24)
(614.6681079864502, 16)
(615.1879041194916, 13)
(615.7075700759888, 30)
(616.23623919487, 17)
(616.7569231987, 8)
(617.2731430530548, 6)
(617.8093161582947, 6)
(618.3190431594849, 2)
(618.8287410736084, 0)
(619.3544640541077, 10)
(619.8681900501251, 2)
(620.3868651390076, 2)
(620.8965849876404, 2)
(621.4352831840515, 2)
(621.9419801235199, 1)
(622.4577000141144, 5)
(622.9844460487366, 9)
(623.5031530857086, 4)
(624.0339732170105, 18)
(624.5506291389465, 19)
(625.0742909908295, 35)
(625.5997381210327, 44)
(626.1837630271912, 18)
(626.7512781620026, 13)
(627.2848660945892, 32)
(627.8053381443024, 50)
(628.3339111804962, 20)
(628.8972890377045, 19)
(629.4391281604767, 6)
(629.9579100608826, 15)
(630.4840710163116, 19)
(630.9964661598206, 8)
(631.5355231761932, 9)
(632.0611510276794, 11)
(632.5879011154175, 46)
(633.1032412052155, 23)
(633.6281340122223, 1)
(634.1440951824188, 0)
(634.6737630367279, 0)
(635.2025051116943, 0)
(635.7372601032257, 3)
(636.2925870418549, 40)
(636.8054611682892, 44)
(637.3216600418091, 5)
(637.853434085846, 4)
(638.3948450088501, 3)
(638.9215021133423, 23)
