(0.5014369487762451, 0)
(1.0259928703308105, 0)
(1.5672318935394287, 0)
(2.0941479206085205, 0)
(2.611780881881714, 0)
(3.1416869163513184, 0)
(3.659775972366333, 0)
(4.186224937438965, 0)
(4.727290868759155, 0)
(5.2517218589782715, 0)
(5.770382881164551, 0)
(6.308377027511597, 0)
(6.8513360023498535, 0)
(7.368706941604614, 0)
(7.919172048568726, 0)
(8.444378852844238, 0)
(8.974105834960938, 0)
(9.49737286567688, 0)
(10.025666952133179, 0)
(10.552856922149658, 0)
(11.07340693473816, 0)
(11.581074953079224, 0)
(12.120311975479126, 0)
(12.660593032836914, 0)
(13.183779001235962, 0)
(13.732516050338745, 0)
(14.270241975784302, 0)
(14.815801858901978, 0)
(15.38838005065918, 0)
(16.160385847091675, 0)
(16.687360048294067, 0)
(17.23788285255432, 0)
(17.780717849731445, 0)
(18.309438943862915, 0)
(18.83586883544922, 0)
(19.37016987800598, 0)
(19.890018939971924, 0)
(20.438490867614746, 0)
(20.954324960708618, 0)
(21.470021963119507, 0)
(21.99388599395752, 0)
(22.55895185470581, 0)
(23.093592882156372, 0)
(23.611695051193237, 0)
(24.14728093147278, 0)
(24.674067974090576, 0)
(25.20398998260498, 0)
(25.7479088306427, 0)
(26.294867992401123, 0)
(26.839154958724976, 0)
(27.361979007720947, 0)
(27.900930881500244, 0)
(28.437834978103638, 0)
(28.9740149974823, 0)
(29.485772848129272, 0)
(30.016058921813965, 0)
(30.554461002349854, 0)
(31.09503483772278, 0)
(31.641222953796387, 0)
(32.153666973114014, 0)
(32.68431997299194, 0)
(33.22967290878296, 0)
(33.7804319858551, 0)
(34.34905385971069, 0)
(34.85983991622925, 0)
(35.39976096153259, 0)
(35.92289090156555, 0)
(36.44160795211792, 0)
(36.96619486808777, 0)
(37.50126504898071, 0)
(38.029178857803345, 0)
(38.55585193634033, 0)
(39.08061599731445, 0)
(39.61032795906067, 0)
(40.150022983551025, 0)
(40.687963008880615, 0)
(41.22386884689331, 0)
(41.75064206123352, 0)
(42.28537201881409, 0)
(42.83785891532898, 0)
(43.35907196998596, 0)
(43.869871854782104, 0)
(44.387609004974365, 0)
(44.90006399154663, 0)
(45.45107698440552, 0)
(45.980774879455566, 0)
(46.50535297393799, 0)
(47.02495002746582, 0)
(47.55070495605469, 0)
(48.079427003860474, 0)
(48.6107120513916, 0)
(49.13048696517944, 0)
(49.66921305656433, 0)
(50.19693994522095, 0)
(50.72814989089966, 0)
(51.25499200820923, 0)
(51.7830810546875, 0)
(52.302801847457886, 0)
(52.83523893356323, 0)
(53.36536502838135, 0)
(53.87610197067261, 0)
(54.40886092185974, 0)
(54.933387994766235, 0)
(55.443182945251465, 0)
(55.96830487251282, 0)
(56.495067834854126, 0)
(57.051334857940674, 0)
(57.57597088813782, 0)
(58.1078999042511, 0)
(58.630125999450684, 0)
(59.1492018699646, 0)
(59.68509292602539, 0)
(60.21008586883545, 0)
(60.74588394165039, 0)
(61.287139892578125, 0)
(61.84900093078613, 0)
(62.38611102104187, 0)
(62.92180800437927, 0)
(63.47311496734619, 0)
(64.01074504852295, 0)
(64.54038500785828, 0)
(65.07305598258972, 0)
(65.60936689376831, 0)
(66.12713694572449, 1)
(66.6422438621521, 0)
(67.18519401550293, 0)
(67.73009896278381, 0)
(68.27140688896179, 0)
(68.79703092575073, 0)
(69.33458685874939, 0)
(69.85529589653015, 0)
(70.37734484672546, 0)
(70.91243505477905, 0)
(71.43618297576904, 0)
(71.96943783760071, 0)
(72.49908185005188, 0)
(73.03168201446533, 0)
(73.55568194389343, 0)
(74.09204196929932, 0)
(74.59940600395203, 0)
(75.14217185974121, 0)
(75.68279790878296, 1)
(76.19302105903625, 0)
(76.737233877182, 0)
(77.26917290687561, 1)
(77.82581090927124, 0)
(78.33759498596191, 0)
(78.86238288879395, 0)
(79.38587284088135, 0)
(79.9319109916687, 0)
(80.46363091468811, 0)
(80.97340893745422, 1)
(81.49305200576782, 0)
(82.0094199180603, 0)
(82.54613590240479, 1)
(83.07615804672241, 0)
(83.60496401786804, 0)
(84.12948203086853, 1)
(84.67216491699219, 0)
(85.20498204231262, 1)
(85.73335003852844, 0)
(86.26102805137634, 0)
(86.77040696144104, 0)
(87.30294299125671, 0)
(87.83372092247009, 0)
(88.35116791725159, 0)
(88.88040494918823, 2)
(89.40182590484619, 1)
(89.94055390357971, 0)
(90.45858693122864, 0)
(90.98052501678467, 1)
(91.51659083366394, 0)
(92.04755687713623, 0)
(92.56943702697754, 0)
(93.1256468296051, 0)
(93.65822005271912, 0)
(94.19476985931396, 0)
(94.73546385765076, 0)
(95.26043605804443, 0)
(95.79542684555054, 0)
(96.31367492675781, 0)
(96.8304238319397, 0)
(97.34882283210754, 0)
(97.86648392677307, 0)
(98.39971804618835, 0)
(98.95110082626343, 0)
(99.48778796195984, 0)
(100.012521982193, 0)
(100.53476095199585, 0)
(101.0777268409729, 0)
(101.6073648929596, 0)
(102.13767504692078, 1)
(102.66284799575806, 0)
(103.20747685432434, 0)
(103.7354199886322, 1)
(104.28216505050659, 0)
(104.82531189918518, 0)
(105.34417986869812, 0)
(105.8703989982605, 0)
(106.39162397384644, 1)
(106.93372893333435, 0)
(107.4654369354248, 1)
(107.99414801597595, 1)
(108.5483570098877, 0)
(109.07049298286438, 0)
(109.600182056427, 0)
(110.1415388584137, 0)
(110.67639994621277, 0)
(111.21830892562866, 1)
(111.76099395751953, 0)
(112.28320288658142, 0)
(112.8087170124054, 0)
(113.33573985099792, 1)
(113.85011005401611, 0)
(114.36776185035706, 0)
(114.88108682632446, 0)
(115.4079179763794, 0)
(115.9387469291687, 0)
(116.49244689941406, 2)
(117.00758290290833, 0)
(117.51667785644531, 0)
(118.03613901138306, 0)
(118.57685589790344, 1)
(119.10386204719543, 1)
(119.64090085029602, 0)
(120.16385197639465, 1)
(120.70323395729065, 0)
(121.21644687652588, 0)
(121.74835085868835, 0)
(122.27417802810669, 1)
(122.8260190486908, 1)
(123.36170196533203, 0)
(123.87955784797668, 1)
(124.40898299217224, 0)
(124.95173192024231, 1)
(125.47210097312927, 0)
(126.00120902061462, 0)
(126.52219200134277, 0)
(127.05251884460449, 1)
(127.58793091773987, 1)
(128.134938955307, 0)
(128.66920685768127, 0)
(129.2027280330658, 0)
(129.72451186180115, 1)
(130.25081491470337, 0)
(130.77135586738586, 1)
(131.3134388923645, 0)
(131.83974385261536, 0)
(132.38169693946838, 0)
(132.91971683502197, 0)
(133.43793487548828, 0)
(133.96568083763123, 1)
(134.4873330593109, 1)
(135.00806403160095, 0)
(135.51874494552612, 1)
(136.03363585472107, 0)
(136.57072591781616, 0)
(137.08833003044128, 0)
(137.62249398231506, 1)
(138.14004802703857, 0)
(138.66753482818604, 0)
(139.1878080368042, 0)
(139.71441793441772, 0)
(140.25416588783264, 1)
(140.77778100967407, 1)
(141.2970838546753, 0)
(141.81527495384216, 0)
(142.3278968334198, 0)
(142.8515899181366, 1)
(143.37980604171753, 0)
(143.89253687858582, 0)
(144.4080150127411, 0)
(144.9256808757782, 0)
(145.4371829032898, 0)
(146.07573795318604, 0)
(146.58557891845703, 0)
(147.11993288993835, 0)
(147.64576292037964, 0)
(148.1843340396881, 0)
(148.736065864563, 0)
(149.28181195259094, 0)
(149.80208587646484, 1)
(150.3297369480133, 0)
(150.85203003883362, 0)
(151.39429783821106, 0)
(151.91401886940002, 0)
(152.4572229385376, 0)
(153.0012629032135, 0)
(153.53616094589233, 0)
(154.06681489944458, 0)
(154.60204792022705, 0)
(155.11944103240967, 0)
(155.6600329875946, 0)
(156.2019488811493, 0)
(156.75256204605103, 0)
(157.3336479663849, 0)
(157.84579706192017, 0)
(158.35813784599304, 0)
(158.87894487380981, 0)
(159.4015610218048, 0)
(159.93136405944824, 0)
(160.44957900047302, 0)
(160.9682559967041, 1)
(161.4837510585785, 1)
(161.99972987174988, 0)
(162.5167179107666, 1)
(163.0280728340149, 0)
(163.55179595947266, 0)
(164.06965589523315, 1)
(164.59958600997925, 0)
(165.13089084625244, 0)
(165.65531086921692, 0)
(166.17829585075378, 0)
(166.71690702438354, 0)
(167.25608205795288, 0)
(167.78027606010437, 0)
(168.31916499137878, 0)
(168.89849305152893, 0)
(169.4423689842224, 0)
(169.97416400909424, 0)
(170.51551604270935, 0)
(171.04994583129883, 0)
(171.5925178527832, 0)
(172.1341269016266, 1)
(172.67026495933533, 1)
(173.2176558971405, 0)
(173.76489400863647, 0)
(174.29359197616577, 0)
(174.8220419883728, 1)
(175.3599078655243, 0)
(175.87615489959717, 0)
(176.3962059020996, 0)
(176.91734886169434, 0)
(177.46841287612915, 1)
(177.99759197235107, 0)
(178.50637888908386, 0)
(179.01963686943054, 0)
(179.54589700698853, 0)
(180.07418084144592, 0)
(180.62293982505798, 0)
(181.16858792304993, 0)
(181.6859929561615, 0)
(182.21325993537903, 0)
(182.7249150276184, 0)
(183.25766682624817, 0)
(183.78481698036194, 0)
(184.3040418624878, 0)
(184.8154878616333, 0)
(185.33317303657532, 0)
(185.8419508934021, 0)
(186.3506829738617, 0)
(186.86218285560608, 0)
(187.3744080066681, 0)
(187.89106583595276, 1)
(188.40083003044128, 0)
(188.92529487609863, 1)
(189.438129901886, 1)
(189.96790194511414, 0)
(190.51739692687988, 0)
(191.05685782432556, 1)
(191.60021686553955, 2)
(192.12565898895264, 0)
(192.64331197738647, 0)
(193.18177700042725, 0)
(193.71031999588013, 0)
(194.24091386795044, 0)
(194.76588892936707, 0)
(195.2797749042511, 0)
(195.83961987495422, 0)
(196.38443398475647, 1)
(196.91416788101196, 1)
(197.43379998207092, 0)
(197.98108100891113, 0)
(198.51144886016846, 0)
(199.08284997940063, 1)
(199.62260103225708, 1)
(200.13433504104614, 0)
(200.65756487846375, 0)
(201.1715989112854, 0)
(201.6935338973999, 2)
(202.20988202095032, 0)
(202.7527458667755, 0)
(203.30567598342896, 0)
(203.82419300079346, 0)
(204.34374284744263, 0)
(204.86980485916138, 0)
(205.42076992988586, 1)
(205.95365595817566, 0)
(206.4991409778595, 0)
(207.03833103179932, 0)
(207.558012008667, 0)
(208.08971691131592, 0)
(208.61961197853088, 1)
(209.1416938304901, 0)
(209.67754483222961, 0)
(210.19620203971863, 0)
(210.73927402496338, 0)
(211.26566100120544, 0)
(211.7893099784851, 0)
(212.31381583213806, 0)
(212.84050703048706, 0)
(213.36765098571777, 0)
(213.89828896522522, 0)
(214.42867183685303, 1)
(214.94757795333862, 0)
(215.46531987190247, 1)
(215.97561502456665, 0)
(216.5056028366089, 0)
(217.04119896888733, 1)
(217.575777053833, 0)
(218.10986995697021, 1)
(218.64054989814758, 0)
(219.18266797065735, 0)
(219.72067284584045, 1)
(220.24689888954163, 0)
(220.82975602149963, 0)
(221.3522720336914, 0)
(221.87238383293152, 0)
(222.42587995529175, 1)
(222.96072697639465, 0)
(223.49235486984253, 0)
(224.02202105522156, 1)
(224.55190801620483, 0)
(225.10888600349426, 0)
(225.64507484436035, 0)
(226.16688704490662, 2)
(226.69751286506653, 0)
(227.22428488731384, 1)
(227.74749088287354, 0)
(228.2794189453125, 0)
(228.81511902809143, 0)
(229.35038304328918, 1)
(229.88008189201355, 0)
(230.3968620300293, 0)
(230.92013382911682, 0)
(231.4315938949585, 0)
(231.9500288963318, 0)
(232.47432398796082, 1)
(232.9937310218811, 1)
(233.51326489448547, 0)
(234.02775597572327, 0)
(234.5420219898224, 0)
(235.0585880279541, 0)
(235.57033395767212, 0)
(236.0844600200653, 0)
(236.62276983261108, 0)
(237.1585009098053, 0)
(237.70228600502014, 0)
(238.21581101417542, 1)
(238.72960901260376, 1)
(239.25665998458862, 0)
(239.77869987487793, 0)
(240.2912039756775, 0)
(240.8378758430481, 0)
(241.35713601112366, 0)
(241.89571690559387, 0)
(242.43457102775574, 0)
(242.96568202972412, 0)
(243.49120092391968, 0)
(244.02060389518738, 1)
(244.55426692962646, 0)
(245.0825788974762, 1)
(245.63114285469055, 0)
(246.1534299850464, 0)
(246.68215584754944, 0)
(247.2117359638214, 0)
(247.74344897270203, 0)
(248.2862229347229, 0)
(248.86603903770447, 0)
(249.39158987998962, 0)
(249.90588688850403, 0)
(250.4409248828888, 0)
(250.96894192695618, 0)
(251.50853395462036, 0)
(252.02677083015442, 0)
(252.56816792488098, 1)
(253.0981569290161, 0)
(253.62820196151733, 0)
(254.1645929813385, 0)
(254.6953148841858, 0)
(255.2204089164734, 0)
(255.7368290424347, 1)
(256.2452850341797, 0)
(256.8156678676605, 0)
(257.3789370059967, 0)
(257.9190459251404, 0)
(258.43775701522827, 0)
(258.950021982193, 0)
(259.46475982666016, 0)
(259.9881479740143, 0)
(260.5019118785858, 0)
(261.02956795692444, 0)
(261.54329895973206, 1)
(262.0648338794708, 0)
(262.5996479988098, 0)
(263.1101288795471, 0)
(263.6258399486542, 0)
(264.13768196105957, 0)
(264.6532518863678, 0)
(265.18748593330383, 0)
(265.72196984291077, 0)
(266.24952697753906, 0)
(266.7841360569, 0)
(267.2966380119324, 0)
(267.87424898147583, 0)
(268.42851090431213, 2)
(268.98665499687195, 0)
(269.52486395835876, 0)
(270.0397310256958, 0)
(270.5662348270416, 0)
(271.0769770145416, 0)
(271.58968901634216, 1)
(272.12443804740906, 0)
(272.66208386421204, 0)
(273.17968487739563, 0)
(273.7210228443146, 0)
(274.2470269203186, 0)
(274.76110196113586, 0)
(275.279541015625, 2)
(275.8287389278412, 0)
(276.35625290870667, 0)
(276.9019889831543, 0)
(277.4416308403015, 0)
(277.9639148712158, 0)
(278.500638961792, 0)
(279.04133892059326, 2)
(279.56110882759094, 0)
(280.08721899986267, 0)
(280.6269669532776, 0)
(281.15332102775574, 0)
(281.6789438724518, 0)
(282.1999168395996, 0)
(282.74614691734314, 0)
(283.26040387153625, 0)
(283.7821729183197, 0)
(284.31346702575684, 0)
(284.847384929657, 0)
(285.37285804748535, 0)
(285.90595293045044, 0)
(286.43895387649536, 0)
(286.9804208278656, 0)
(287.52127385139465, 0)
(288.0409278869629, 0)
(288.5664508342743, 0)
(289.0767059326172, 2)
(289.61162304878235, 0)
(290.16615200042725, 0)
(290.69004702568054, 0)
(291.20947194099426, 0)
(291.74445486068726, 0)
(292.28770685195923, 0)
(292.82296895980835, 0)
(293.3557119369507, 0)
(293.9015748500824, 0)
(294.4352068901062, 0)
(294.959401845932, 0)
(295.50608682632446, 0)
(296.02521085739136, 0)
(296.5573408603668, 0)
(297.10901403427124, 1)
(297.6358919143677, 0)
(298.19139885902405, 0)
(298.70896887779236, 2)
(299.25759100914, 0)
(299.79092383384705, 0)
(300.3576099872589, 0)
(300.92828583717346, 0)
(301.46061301231384, 0)
(301.9971878528595, 1)
(302.54256296157837, 0)
(303.07601284980774, 0)
(303.61745500564575, 0)
(304.1432008743286, 0)
(304.6764838695526, 0)
(305.22420287132263, 0)
(305.76143503189087, 0)
(306.3095529079437, 0)
(306.85546803474426, 0)
(307.377238035202, 0)
(307.89996099472046, 0)
(308.4414060115814, 0)
(308.9693820476532, 0)
(309.5042510032654, 0)
(310.0491478443146, 0)
(310.5765588283539, 0)
(311.1016089916229, 1)
(311.61267495155334, 1)
(312.14591693878174, 0)
(312.6626968383789, 0)
(313.18662190437317, 0)
(313.71457505226135, 0)
(314.22453689575195, 0)
(314.7698199748993, 0)
(315.3394160270691, 0)
(315.8666388988495, 0)
(316.4655499458313, 0)
(316.98724603652954, 1)
(317.50540494918823, 0)
(318.0213508605957, 0)
(318.5512020587921, 0)
(319.06992197036743, 0)
(319.6374418735504, 0)
(320.1796450614929, 1)
(320.71389293670654, 0)
(321.25922083854675, 0)
(321.80045890808105, 0)
(322.33012199401855, 0)
(322.8525309562683, 0)
(323.3921489715576, 0)
(323.912556886673, 0)
(324.43632888793945, 0)
(324.95400500297546, 0)
(325.4712870121002, 0)
(325.9889760017395, 2)
(326.51379895210266, 0)
(327.0731928348541, 1)
(327.60831594467163, 0)
(328.1521179676056, 0)
(328.68266701698303, 0)
(329.23733496665955, 1)
(329.82284784317017, 0)
(330.36744499206543, 0)
(330.90889406204224, 0)
(331.44646692276, 0)
(331.98019194602966, 0)
(332.4927580356598, 1)
(333.0363998413086, 0)
(333.58523893356323, 0)
(334.1527569293976, 0)
(334.69373989105225, 0)
(335.23135685920715, 0)
(335.7715389728546, 1)
(336.2892668247223, 0)
(336.81404399871826, 1)
(337.351793050766, 0)
(337.8639440536499, 1)
(338.3957300186157, 0)
(338.93368005752563, 0)
(339.46537804603577, 0)
(339.9876129627228, 1)
(340.5167899131775, 0)
(341.04675483703613, 1)
(341.5575020313263, 0)
(342.0701940059662, 0)
(342.60147404670715, 0)
(343.13063287734985, 0)
(343.64711689949036, 0)
(344.198410987854, 0)
(344.73620796203613, 0)
(345.2772090435028, 1)
(345.8387598991394, 1)
(346.3739559650421, 0)
(346.8996088504791, 1)
(347.44880199432373, 0)
(347.98751187324524, 0)
(348.50709104537964, 0)
(349.01810789108276, 0)
(349.5313010215759, 1)
(350.04658699035645, 0)
(350.569699048996, 0)
(351.08864998817444, 0)
(351.60768485069275, 1)
(352.12172293663025, 1)
(352.6426999568939, 0)
(353.16862893104553, 1)
(353.7378509044647, 0)
(354.28201389312744, 0)
(354.83224391937256, 0)
(355.37092304229736, 0)
(355.9166188240051, 0)
(356.4972789287567, 0)
(357.0250189304352, 0)
(357.5871729850769, 0)
(358.1610119342804, 0)
(358.79206800460815, 0)
(359.35015201568604, 1)
(359.90495705604553, 1)
(360.4446840286255, 0)
(361.0058560371399, 0)
(361.532301902771, 0)
(362.06501388549805, 0)
(362.6388728618622, 0)
(363.19737696647644, 0)
(363.70908284187317, 1)
(364.22980093955994, 0)
(364.73990392684937, 0)
(365.2656090259552, 0)
(365.7839138507843, 2)
(366.3162100315094, 0)
(366.8393249511719, 0)
(367.360230922699, 1)
(367.8807280063629, 1)
(368.41245698928833, 1)
(368.92990589141846, 0)
(369.4558639526367, 0)
(369.98255705833435, 0)
(370.516273021698, 0)
(371.04973888397217, 0)
(371.56639790534973, 0)
(372.1226499080658, 0)
(372.67212104797363, 0)
(373.2064838409424, 0)
(373.73739194869995, 0)
(374.2644999027252, 1)
(374.80483984947205, 0)
(375.3488850593567, 0)
(375.87973499298096, 0)
(376.40057587623596, 0)
(376.9283289909363, 0)
(377.45600605010986, 0)
(377.99906301498413, 0)
(378.5274438858032, 0)
(379.0661220550537, 0)
(379.5994248390198, 0)
(380.1371338367462, 0)
(380.6872730255127, 1)
(381.2208549976349, 0)
(381.7365849018097, 1)
(382.2487349510193, 1)
(382.76319885253906, 1)
(383.2864990234375, 0)
(383.8244559764862, 0)
(384.37333488464355, 0)
(384.89187002182007, 0)
(385.41572999954224, 1)
(385.9544930458069, 0)
(386.46301102638245, 0)
(386.988716840744, 0)
(387.5287239551544, 0)
(388.0694749355316, 1)
(388.60590982437134, 1)
(389.15113401412964, 0)
(389.69283390045166, 0)
(390.230103969574, 1)
(390.7444689273834, 1)
(391.267217874527, 0)
(391.7962079048157, 2)
(392.32518005371094, 0)
(392.84443497657776, 0)
(393.3753788471222, 0)
(393.90903186798096, 0)
(394.43824005126953, 0)
(394.96056604385376, 1)
(395.48314785957336, 1)
(396.017235994339, 0)
(396.5482430458069, 0)
(397.06501483917236, 0)
(397.6032910346985, 0)
(398.137011051178, 0)
(398.67115688323975, 0)
(399.2084250450134, 0)
(399.74614095687866, 0)
(400.2952878475189, 0)
(400.82610297203064, 0)
(401.352303981781, 0)
(401.87514090538025, 0)
(402.4006779193878, 0)
(402.9496190547943, 0)
(403.4781198501587, 0)
(403.99690103530884, 0)
(404.5191569328308, 0)
(405.0720009803772, 0)
(405.60014295578003, 0)
(406.1242640018463, 0)
(406.6533908843994, 0)
(407.16742300987244, 0)
(407.69429183006287, 0)
(408.22073197364807, 0)
(408.7872760295868, 0)
(409.3253118991852, 0)
(409.8570489883423, 1)
(410.4065589904785, 1)
(410.94132804870605, 0)
(411.4905159473419, 1)
(412.02718687057495, 0)
(412.5642750263214, 0)
(413.0911509990692, 0)
(413.64357900619507, 0)
(414.180223941803, 0)
(414.7252769470215, 0)
(415.24764704704285, 0)
(415.76630091667175, 0)
(416.2918748855591, 0)
(416.8592429161072, 1)
(417.4029688835144, 1)
(417.9174268245697, 0)
(418.44337487220764, 0)
(418.95659494400024, 0)
(419.4942638874054, 0)
(420.04096603393555, 0)
(420.5843918323517, 0)
(421.12840485572815, 0)
(421.6773920059204, 0)
(422.21047496795654, 0)
(422.73219203948975, 0)
(423.2675099372864, 0)
(423.7976779937744, 1)
(424.32359504699707, 0)
(424.86111187934875, 0)
(425.39943385124207, 0)
(425.9319019317627, 0)
(426.46464490890503, 0)
(426.9852080345154, 1)
(427.52773785591125, 0)
(428.0562870502472, 1)
(428.59224104881287, 1)
(429.1353929042816, 0)
(429.6786210536957, 1)
(430.2010838985443, 0)
(430.7312660217285, 0)
(431.26149582862854, 0)
(431.800822019577, 0)
(432.34053587913513, 0)
(432.8827910423279, 0)
(433.4177360534668, 0)
(433.95528388023376, 0)
(434.48481798171997, 1)
(435.0082130432129, 1)
(435.5446469783783, 0)
(436.0704300403595, 0)
(436.5906789302826, 0)
(437.12538504600525, 0)
(437.6374669075012, 1)
(438.167151927948, 0)
(438.70661783218384, 0)
(439.29646492004395, 0)
(439.8424060344696, 0)
(440.3604938983917, 0)
(440.8935329914093, 0)
(441.4282269477844, 0)
(441.9536738395691, 0)
(442.4882609844208, 0)
(443.0226240158081, 0)
(443.5445559024811, 0)
(444.0751738548279, 0)
(444.5968749523163, 0)
(445.1493179798126, 0)
(445.6758270263672, 0)
(446.19999599456787, 0)
(446.73788690567017, 0)
(447.2574510574341, 0)
(447.7768828868866, 0)
(448.2966139316559, 1)
(448.84227299690247, 0)
(449.3655068874359, 0)
(449.9004108905792, 0)
(450.4554350376129, 0)
(450.96847105026245, 0)
(451.50928592681885, 0)
(452.03459095954895, 0)
(452.5588049888611, 0)
(453.0978388786316, 0)
(453.62962794303894, 0)
(454.1651768684387, 0)
(454.68401885032654, 2)
(455.2100918292999, 1)
(455.7426018714905, 0)
(456.2866020202637, 0)
(456.7968089580536, 0)
(457.3445370197296, 0)
(457.887845993042, 1)
(458.43935203552246, 0)
(458.9763238430023, 0)
(459.5013618469238, 1)
(460.0308828353882, 0)
(460.55230689048767, 0)
(461.09075593948364, 0)
(461.60770297050476, 0)
(462.13991594314575, 0)
(462.6529948711395, 1)
(463.1674790382385, 0)
(463.6816840171814, 0)
(464.19095396995544, 0)
(464.7211928367615, 0)
(465.2589280605316, 1)
(465.7830948829651, 0)
(466.3054609298706, 0)
(466.82586884498596, 0)
(467.35208201408386, 0)
(467.8890130519867, 0)
(468.4167618751526, 0)
(468.93868494033813, 0)
(469.47882294654846, 0)
(470.02981996536255, 1)
(470.555526971817, 0)
(471.1141128540039, 0)
(471.6387858390808, 1)
(472.17053484916687, 1)
(472.72265887260437, 1)
(473.24294996261597, 0)
(473.7734558582306, 0)
(474.3492238521576, 0)
(474.9072608947754, 0)
(475.45403695106506, 0)
(475.9686689376831, 1)
(476.50863003730774, 0)
(477.0405910015106, 1)
(477.59728598594666, 0)
(478.12552785873413, 0)
(478.65652298927307, 1)
(479.197438955307, 0)
(479.7308609485626, 0)
(480.27829694747925, 0)
(480.8151159286499, 0)
(481.3436019420624, 1)
(481.86952686309814, 0)
(482.4113349914551, 0)
(482.97073101997375, 0)
(483.5040819644928, 0)
(484.0492558479309, 0)
(484.56784200668335, 0)
(485.0898220539093, 2)
(485.6044819355011, 0)
(486.11974692344666, 0)
(486.6600649356842, 0)
(487.21764492988586, 0)
(487.7528028488159, 0)
(488.2755160331726, 0)
(488.8082330226898, 0)
(489.3588969707489, 0)
(489.9030740261078, 0)
(490.4252429008484, 1)
(490.9699709415436, 0)
(491.5172379016876, 0)
(492.0392699241638, 0)
(492.5562870502472, 0)
(493.07697892189026, 1)
(493.58927392959595, 0)
(494.1159930229187, 0)
(494.62884402275085, 0)
(495.1432378292084, 0)
(495.6760308742523, 0)
(496.2233328819275, 0)
(496.74334502220154, 0)
(497.2898979187012, 0)
(497.82187390327454, 0)
(498.33787298202515, 0)
(498.87562584877014, 1)
(499.4060649871826, 0)
(499.9453399181366, 0)
(500.4760730266571, 2)
(501.01017904281616, 0)
(501.54429602622986, 0)
(502.06312799453735, 0)
(502.5932250022888, 0)
(503.1099328994751, 1)
(503.6300070285797, 1)
(504.16585993766785, 0)
(504.6990718841553, 0)
(505.24038887023926, 1)
(505.79604601860046, 0)
(506.33201003074646, 0)
(506.8499150276184, 0)
(507.3713450431824, 1)
(507.92035484313965, 0)
(508.455353975296, 0)
(508.97304701805115, 0)
(509.5213580131531, 0)
(510.0531439781189, 0)
(510.5664858818054, 0)
(511.08291006088257, 0)
(511.6100308895111, 0)
(512.1451539993286, 1)
(512.674880027771, 0)
(513.2232358455658, 0)
(513.7493288516998, 1)
(514.2820298671722, 0)
(514.7894580364227, 0)
(515.3263399600983, 0)
(515.8531029224396, 0)
(516.3678090572357, 0)
(516.890576839447, 0)
(517.4062929153442, 2)
(517.9450109004974, 1)
(518.4602210521698, 0)
(518.9760980606079, 0)
(519.5020859241486, 0)
(520.0183370113373, 0)
(520.5340819358826, 0)
(521.052216053009, 0)
(521.5895500183105, 0)
(522.1300489902496, 0)
(522.6543920040131, 0)
(523.1861119270325, 0)
(523.724515914917, 0)
(524.2627599239349, 1)
(524.7759690284729, 0)
(525.2979729175568, 0)
(525.8434228897095, 1)
(526.3695259094238, 0)
(526.8935148715973, 0)
(527.4499440193176, 1)
(527.9590489864349, 0)
(528.4710929393768, 0)
(529.0025579929352, 0)
(529.5432200431824, 0)
(530.0798208713531, 2)
(530.605635881424, 0)
(531.1433310508728, 0)
(531.6613218784332, 0)
(532.1846430301666, 1)
(532.7303688526154, 2)
(533.2780900001526, 0)
(533.8406369686127, 0)
(534.3834979534149, 1)
(534.9260289669037, 1)
(535.4409749507904, 0)
(535.9552569389343, 0)
(536.5075149536133, 1)
(537.0592288970947, 0)
(537.6877160072327, 0)
(538.1974608898163, 1)
(538.725466966629, 0)
(539.2491190433502, 0)
(539.7831418514252, 0)
(540.2969019412994, 0)
(540.811714887619, 0)
(541.3724508285522, 1)
(541.9196639060974, 0)
(542.4657099246979, 1)
(542.9959728717804, 0)
(543.5724518299103, 0)
(544.0885739326477, 0)
(544.6216988563538, 1)
(545.1400370597839, 0)
(545.6913590431213, 0)
(546.2417778968811, 0)
(546.7740190029144, 0)
(547.3230969905853, 1)
(547.8492579460144, 0)
(548.3787219524384, 0)
(548.9234879016876, 0)
(549.4574649333954, 0)
(549.98943400383, 1)
(550.5375239849091, 0)
(551.0522139072418, 0)
(551.5676698684692, 0)
(552.0778968334198, 0)
(552.5894348621368, 0)
(553.1090979576111, 0)
(553.6264159679413, 1)
(554.1525218486786, 1)
(554.6817128658295, 1)
(555.205983877182, 0)
(555.7565040588379, 1)
(556.3029179573059, 0)
(556.8326120376587, 0)
(557.3775689601898, 0)
(557.9053108692169, 0)
(558.426274061203, 0)
(558.9604599475861, 0)
(559.4979779720306, 0)
(560.0457260608673, 0)
(560.5654339790344, 0)
(561.0877549648285, 0)
(561.6467590332031, 0)
(562.1673929691315, 0)
(562.7001700401306, 0)
(563.225105047226, 0)
(563.7694778442383, 1)
(564.3185999393463, 1)
(564.8582599163055, 0)
(565.3917200565338, 0)
(565.9294040203094, 0)
(566.4623079299927, 0)
(567.0050690174103, 0)
(567.5479619503021, 0)
(568.0690009593964, 0)
(568.6026420593262, 0)
(569.120719909668, 0)
(569.644199848175, 0)
(570.1593220233917, 2)
(570.6808969974518, 0)
(571.2006528377533, 0)
(571.7758779525757, 0)
(572.3155579566956, 0)
(572.8322470188141, 1)
(573.34921002388, 0)
(573.8657088279724, 0)
(574.3754060268402, 0)
(574.8930959701538, 0)
(575.4116530418396, 0)
(575.9253480434418, 0)
(576.4519970417023, 0)
(577.0006968975067, 0)
(577.5121669769287, 0)
(578.0421378612518, 1)
(578.5808129310608, 0)
(579.1198449134827, 0)
(579.6432099342346, 0)
(580.203891992569, 0)
(580.7178800106049, 0)
(581.2521460056305, 0)
(581.7739958763123, 1)
(582.3186550140381, 0)
(582.8807208538055, 0)
(583.4142589569092, 0)
(583.9467658996582, 0)
(584.4798748493195, 0)
(585.0093100070953, 0)
(585.5499658584595, 0)
(586.0827748775482, 0)
(586.6377699375153, 0)
(587.1889548301697, 1)
(587.7088658809662, 2)
(588.2453849315643, 0)
(588.7853338718414, 0)
(589.3136930465698, 0)
(589.8609108924866, 0)
(590.394602060318, 0)
(590.932886838913, 0)
(591.4644730091095, 0)
(591.990268945694, 0)
(592.5231189727783, 0)
(593.0647220611572, 0)
(593.607962846756, 0)
(594.1390240192413, 0)
(594.660945892334, 0)
(595.189041852951, 0)
(595.7057929039001, 0)
(596.2263538837433, 0)
(596.7581329345703, 0)
(597.2889659404755, 1)
(597.8328218460083, 0)
(598.3641049861908, 0)
(598.9038510322571, 0)
(599.4273619651794, 0)
(599.9573609828949, 0)
(600.4890978336334, 1)
(601.0157058238983, 0)
(601.5632529258728, 0)
(602.1042280197144, 0)
(602.6380050182343, 0)
(603.2135789394379, 0)
(603.7475879192352, 0)
(604.2669320106506, 0)
(604.7972600460052, 0)
(605.3228490352631, 0)
(605.8621468544006, 0)
(606.3964450359344, 1)
(606.9248208999634, 0)
(607.4533889293671, 0)
(608.0180368423462, 0)
(608.5592629909515, 0)
(609.1069710254669, 0)
(609.6321709156036, 0)
(610.1638400554657, 1)
(610.6969928741455, 0)
(611.227746963501, 0)
(611.7610659599304, 0)
(612.2907519340515, 0)
(612.8537769317627, 1)
(613.4114730358124, 0)
(613.9479880332947, 0)
(614.4902138710022, 1)
(615.0187678337097, 0)
(615.5421249866486, 0)
(616.0599319934845, 0)
(616.570643901825, 0)
(617.0888080596924, 0)
(617.6009929180145, 0)
(618.1282930374146, 0)
(618.6698648929596, 0)
(619.1903178691864, 0)
(619.7221748828888, 0)
(620.2511768341064, 0)
(620.7688708305359, 0)
(621.3059709072113, 0)
(621.8353569507599, 0)
(622.3737139701843, 0)
(622.8925030231476, 0)
(623.4299800395966, 0)
(623.9633469581604, 0)
(624.475301027298, 0)
(624.9850380420685, 0)
(625.5251049995422, 0)
(626.0361008644104, 1)
(626.5624258518219, 0)
(627.105486869812, 0)
(627.6244368553162, 1)
(628.1790318489075, 0)
(628.7074699401855, 0)
(629.232635974884, 0)
(629.7625329494476, 0)
(630.2735538482666, 0)
(630.8003189563751, 0)
(631.3359699249268, 0)
(631.8589799404144, 0)
(632.3828499317169, 1)
(632.9278519153595, 0)
(633.4389638900757, 0)
(633.9606900215149, 0)
(634.4768388271332, 0)
(634.9898679256439, 0)
(635.5136070251465, 0)
(636.0453839302063, 0)
(636.5768790245056, 1)
(637.1095089912415, 0)
(637.6405630111694, 0)
