(0, 0)
(0.5022530555725098, 7)
(1.0183069705963135, 46)
(1.545470952987671, 48)
(2.058000087738037, 9)
(2.5725018978118896, 7)
(3.0799028873443604, 6)
(3.613771915435791, 28)
(4.134161949157715, 2)
(4.653888940811157, 2)
(5.1712329387664795, 2)
(5.6884191036224365, 2)
(6.205744981765747, 0)
(6.720422983169556, 7)
(7.254945993423462, 17)
(7.772178888320923, 43)
(8.299987077713013, 56)
(8.851677894592285, 46)
(9.3750159740448, 27)
(9.884320974349976, 48)
(10.420561075210571, 80)
(10.943048000335693, 94)
(11.467276096343994, 10)
(11.998015880584717, 8)
(12.517504930496216, 8)
(13.036938905715942, 16)
(13.557740926742554, 4)
(14.080257892608643, 29)
(14.597601890563965, 6)
(15.118336915969849, 12)
(15.639120101928711, 33)
(16.151555061340332, 10)
(16.663968086242676, 7)
(17.18973994255066, 6)
(17.70218801498413, 4)
(18.212897062301636, 22)
(18.733690977096558, 43)
(19.2545108795166, 42)
(19.775235891342163, 74)
(20.301007986068726, 116)
(20.81015110015869, 130)
(21.324213981628418, 53)
(21.843118906021118, 50)
(22.369970083236694, 49)
(22.88825798034668, 55)
(23.4153048992157, 11)
(23.933454990386963, 4)
(24.4712131023407, 5)
(24.992060899734497, 3)
(25.514739990234375, 1)
(26.034405946731567, 22)
(26.55552887916565, 39)
(27.084255933761597, 60)
(27.603720903396606, 52)
(28.136761903762817, 53)
(28.659358978271484, 46)
(29.17307710647583, 57)
(29.69574499130249, 82)
(30.21400499343872, 81)
(30.73958396911621, 88)
(31.257169008255005, 115)
(31.776319980621338, 83)
(32.29339408874512, 73)
(32.81738805770874, 97)
(33.336769104003906, 89)
(33.87217593193054, 96)
(34.39917302131653, 60)
(34.92304706573486, 53)
(35.43897294998169, 48)
(35.96291494369507, 44)
(36.482003927230835, 8)
(37.00751996040344, 19)
(37.52821397781372, 8)
(38.05213809013367, 8)
(38.57286310195923, 5)
(39.09145998954773, 9)
(39.6137580871582, 3)
(40.14088296890259, 2)
(40.66793394088745, 14)
(41.18709206581116, 4)
(41.70297694206238, 3)
(42.2348690032959, 2)
(42.75080394744873, 14)
(43.26995587348938, 2)
(43.78749704360962, 2)
(44.30344200134277, 2)
(44.824177980422974, 2)
(45.390284061431885, 0)
(45.90157198905945, 0)
(46.42436695098877, 0)
(46.937877893447876, 0)
(47.45422601699829, 0)
(47.978580951690674, 0)
(48.5005099773407, 13)
(49.0166540145874, 12)
(49.526618003845215, 4)
(50.03831601142883, 38)
(50.5457329750061, 23)
(51.05740404129028, 7)
(51.56791806221008, 11)
(52.0765860080719, 36)
(52.60720610618591, 45)
(53.11642503738403, 79)
(53.625403881073, 84)
(54.137892961502075, 82)
(54.65223407745361, 65)
(55.159777879714966, 45)
(55.66833305358887, 48)
(56.17694902420044, 49)
(56.698811054229736, 32)
(57.21918606758118, 9)
(57.74409794807434, 26)
(58.267579078674316, 42)
(58.79647207260132, 88)
(59.307965993881226, 49)
(59.82837390899658, 48)
(60.338375091552734, 43)
(60.846638917922974, 81)
(61.37765693664551, 80)
(61.88594388961792, 74)
(62.394229888916016, 42)
(62.902467012405396, 6)
(63.415071964263916, 4)
(63.926218032836914, 9)
(64.43436098098755, 32)
(64.94278907775879, 42)
(65.4503378868103, 70)
(65.96338891983032, 79)
(66.49178504943848, 34)
(67.01871490478516, 10)
(67.54277992248535, 11)
(68.08680200576782, 8)
(68.60081601142883, 4)
(69.12267994880676, 0)
(69.64744997024536, 0)
(70.17462587356567, 5)
(70.69691705703735, 2)
(71.22062397003174, 9)
(71.75801110267639, 4)
(72.28475904464722, 14)
(72.79997110366821, 23)
(73.30821704864502, 11)
(73.82265591621399, 14)
(74.33721709251404, 8)
(74.86647701263428, 21)
(75.39540505409241, 39)
(75.90817308425903, 8)
(76.42702507972717, 12)
(76.9593620300293, 45)
(77.46739292144775, 44)
(77.98175692558289, 48)
(78.52177810668945, 6)
(79.04820489883423, 4)
(79.56476593017578, 10)
(80.09904289245605, 12)
(80.62308192253113, 50)
(81.15800404548645, 51)
(81.67832493782043, 28)
(82.19670701026917, 36)
(82.71757507324219, 47)
(83.23306107521057, 58)
(83.75614595413208, 85)
(84.26512503623962, 59)
(84.7797908782959, 94)
(85.29769897460938, 84)
(85.8073000907898, 69)
(86.3152539730072, 47)
(86.84036493301392, 54)
(87.3542549610138, 46)
(87.87832903862, 74)
(88.39834690093994, 101)
(88.92757987976074, 162)
(89.43477010726929, 183)
(89.95655488967896, 145)
(90.47937393188477, 109)
(91.00489807128906, 56)
(91.52634000778198, 21)
(92.05183696746826, 9)
(92.58176803588867, 8)
(93.10796403884888, 7)
(93.63213396072388, 13)
(94.16708087921143, 10)
(94.69137406349182, 6)
(95.22212290763855, 6)
(95.75755906105042, 5)
(96.30992102622986, 6)
(96.83542108535767, 4)
(97.36495995521545, 3)
(97.87163496017456, 2)
(98.3998510837555, 15)
(98.91317200660706, 3)
(99.45766687393188, 15)
(99.98176789283752, 4)
(100.49108600616455, 4)
(101.01664805412292, 20)
(101.54504799842834, 37)
(102.07301306724548, 5)
(102.58533191680908, 5)
(103.09454107284546, 7)
(103.60373902320862, 51)
(104.1134340763092, 60)
(104.6287670135498, 49)
(105.15052700042725, 45)
(105.66727209091187, 65)
(106.20211791992188, 86)
(106.725900888443, 104)
(107.24616503715515, 113)
(107.76750087738037, 130)
(108.28805088996887, 103)
(108.81128287315369, 86)
(109.33293795585632, 94)
(109.87124395370483, 88)
(110.38120698928833, 117)
(110.90249991416931, 147)
(111.41816210746765, 135)
(111.9387469291687, 164)
(112.45663905143738, 152)
(112.96753597259521, 176)
(113.48409700393677, 99)
(114.00058698654175, 86)
(114.51573300361633, 84)
(115.0332260131836, 140)
(115.55436706542969, 172)
(116.08365106582642, 172)
(116.61857295036316, 155)
(117.13585710525513, 91)
(117.64333295822144, 145)
(118.17323207855225, 203)
(118.70095610618591, 151)
(119.21696400642395, 339)
(119.74082398414612, 155)
(120.27514600753784, 158)
(120.79593300819397, 393)
(121.3247139453888, 191)
(121.83934187889099, 166)
(122.35212707519531, 216)
(122.86060190200806, 162)
(123.37791705131531, 185)
(123.89706897735596, 161)
(124.41178607940674, 91)
(124.93091607093811, 82)
(125.48854494094849, 85)
(126.08595991134644, 129)
(126.59787893295288, 85)
(127.11025190353394, 84)
(127.62721300125122, 80)
(128.14185094833374, 84)
(128.651957988739, 97)
(129.17233300209045, 112)
(129.69864201545715, 145)
(130.21778893470764, 105)
(130.73700189590454, 117)
(131.26980805397034, 88)
(131.7870090007782, 73)
(132.3098590373993, 47)
(132.82349395751953, 46)
(133.34611797332764, 104)
(133.86814904212952, 123)
(134.38799691200256, 132)
(134.91130208969116, 182)
(135.46057295799255, 199)
(135.98008108139038, 130)
(136.5047950744629, 132)
(137.03031587600708, 90)
(137.55160188674927, 87)
(138.0702838897705, 87)
(138.58351492881775, 70)
(139.09851908683777, 85)
(139.61602592468262, 90)
(140.14673900604248, 109)
(140.674213886261, 89)
(141.2116780281067, 81)
(141.72914600372314, 67)
(142.25662398338318, 86)
(142.78237295150757, 84)
(143.30500507354736, 90)
(143.8390769958496, 85)
(144.36987805366516, 90)
(144.87785410881042, 57)
(145.3873929977417, 46)
(145.89531898498535, 63)
(146.41060495376587, 48)
(146.95117592811584, 46)
(147.45915508270264, 42)
(147.97528195381165, 55)
(148.49610495567322, 68)
(149.01825499534607, 51)
(149.53674602508545, 49)
(150.06459498405457, 46)
(150.57719206809998, 45)
(151.09628891944885, 43)
(151.6090440750122, 40)
(152.13616704940796, 41)
(152.65598392486572, 41)
(153.18135595321655, 41)
(153.70209503173828, 41)
(154.2180449962616, 51)
(154.73399901390076, 49)
(155.2547059059143, 45)
(155.77220392227173, 46)
(156.2984700202942, 44)
(156.8281090259552, 44)
(157.34516191482544, 42)
(157.8711860179901, 46)
(158.38710403442383, 42)
(158.90267300605774, 44)
(159.44475507736206, 42)
(159.9773828983307, 84)
(160.4991090297699, 92)
(161.01778197288513, 123)
(161.53802299499512, 95)
(162.09864211082458, 99)
(162.60803699493408, 85)
(163.13757395744324, 94)
(163.65305399894714, 87)
(164.2091109752655, 78)
(164.7355818748474, 40)
(165.25263500213623, 9)
(165.77500009536743, 7)
(166.2941288948059, 16)
(166.82396697998047, 6)
(167.34339499473572, 9)
(167.87140202522278, 4)
(168.40165996551514, 4)
(168.9153790473938, 2)
(169.4235599040985, 8)
(169.9408838748932, 3)
(170.45281505584717, 2)
(170.97929191589355, 2)
(171.49311995506287, 19)
(172.01035499572754, 41)
(172.54033994674683, 75)
(173.05790996551514, 107)
(173.58846497535706, 93)
(174.1220760345459, 87)
(174.63979697227478, 85)
(175.15981698036194, 54)
(175.68497800827026, 48)
(176.2215518951416, 7)
(176.7439479827881, 21)
(177.27273797988892, 71)
(177.79206895828247, 48)
(178.3130660057068, 25)
(178.8324429988861, 6)
(179.35356092453003, 6)
(179.88928508758545, 3)
(180.41027688980103, 8)
(180.92475605010986, 2)
(181.4424750804901, 7)
(181.96073198318481, 9)
(182.48167490959167, 7)
(183.0190200805664, 19)
(183.5414640903473, 24)
(184.0593810081482, 16)
(184.57598304748535, 9)
(185.09648299217224, 9)
(185.63055896759033, 16)
(186.14996600151062, 6)
(186.6735179424286, 3)
(187.1957709789276, 28)
(187.71586799621582, 46)
(188.23788905143738, 58)
(188.76120591163635, 104)
(189.28749299049377, 84)
(189.7950620651245, 76)
(190.33236002922058, 112)
(190.86292910575867, 131)
(191.37846994400024, 134)
(191.90242099761963, 124)
(192.41661500930786, 66)
(192.92452692985535, 53)
(193.43865203857422, 47)
(193.94820499420166, 48)
(194.46865391731262, 12)
(194.9907569885254, 4)
(195.5224449634552, 11)
(196.04612708091736, 54)
(196.57619094848633, 43)
(197.08402705192566, 43)
(197.59827208518982, 42)
(198.11676001548767, 44)
(198.6264660358429, 67)
(199.1567919254303, 84)
(199.67711400985718, 82)
(200.21177887916565, 92)
(200.73427200317383, 165)
(201.25776600837708, 125)
(201.7799210548401, 90)
(202.29907608032227, 93)
(202.8133840560913, 89)
(203.32911610603333, 40)
(203.85067892074585, 8)
(204.380863904953, 24)
(204.9167149066925, 48)
(205.4397530555725, 47)
(205.9603888988495, 56)
(206.48576092720032, 64)
(207.04234409332275, 62)
(207.56155705451965, 57)
(208.08163499832153, 90)
(208.6017460823059, 89)
(209.12384510040283, 69)
(209.642352104187, 43)
(210.16789507865906, 49)
(210.68771505355835, 57)
(211.21602392196655, 33)
(211.73437690734863, 4)
(212.2541799545288, 4)
(212.77396702766418, 14)
(213.2923460006714, 14)
(213.82910108566284, 39)
(214.35468888282776, 47)
(214.87168097496033, 41)
(215.3886959552765, 50)
(215.91837000846863, 79)
(216.4397439956665, 68)
(216.9566159248352, 64)
(217.47804498672485, 45)
(218.00461506843567, 44)
(218.5317258834839, 51)
(219.05007004737854, 69)
(219.57471799850464, 70)
(220.09458208084106, 60)
(220.64782190322876, 10)
(221.16911387443542, 9)
(221.70110297203064, 8)
(222.23165607452393, 5)
(222.7624909877777, 1)
(223.3366470336914, 0)
(223.85224509239197, 37)
(224.36007404327393, 49)
(224.87364792823792, 96)
(225.40895104408264, 125)
(225.9367880821228, 151)
(226.4601390361786, 112)
(226.98403096199036, 85)
(227.49852299690247, 58)
(228.01458597183228, 52)
(228.5324969291687, 88)
(229.0588719844818, 90)
(229.58027696609497, 53)
(230.09804511070251, 44)
(230.60752892494202, 47)
(231.1492760181427, 45)
(231.67572402954102, 80)
(232.18326687812805, 92)
(232.70454907417297, 122)
(233.22628688812256, 131)
(233.73990106582642, 93)
(234.25840592384338, 91)
(234.77868700027466, 88)
(235.2984459400177, 51)
(235.81394791603088, 48)
(236.33613109588623, 48)
(236.8739070892334, 47)
(237.39556193351746, 92)
(237.94247794151306, 126)
(238.4837770462036, 108)
(238.9924759864807, 71)
(239.504949092865, 51)
(240.02452993392944, 47)
(240.54740810394287, 29)
(241.0674409866333, 5)
(241.59030508995056, 2)
(242.12014198303223, 2)
(242.65224695205688, 8)
(243.16003704071045, 2)
(243.6692500114441, 35)
(244.19615602493286, 27)
(244.72442388534546, 19)
(245.24969005584717, 53)
(245.7809979915619, 54)
(246.3079390525818, 47)
(246.8278260231018, 44)
(247.34680199623108, 49)
(247.86548709869385, 46)
(248.38283896446228, 53)
(248.90702891349792, 53)
(249.41702890396118, 58)
(249.94031405448914, 48)
(250.48228907585144, 69)
(251.00587606430054, 23)
(251.52875304222107, 12)
(252.05407309532166, 33)
(252.56772994995117, 21)
(253.08890509605408, 14)
(253.61779808998108, 10)
(254.13535594940186, 8)
(254.66441106796265, 16)
(255.180095911026, 41)
(255.68907690048218, 23)
(256.2096300125122, 7)
(256.73595809936523, 7)
(257.2545020580292, 5)
(257.7758619785309, 4)
(258.2909801006317, 3)
(258.81051206588745, 17)
(259.3482120037079, 4)
(259.8720350265503, 4)
(260.3860590457916, 11)
(260.9151089191437, 29)
(261.45250487327576, 44)
(261.998370885849, 45)
(262.5157799720764, 42)
(263.02965807914734, 28)
(263.55872106552124, 8)
(264.07488894462585, 4)
(264.6063039302826, 4)
(265.1452178955078, 4)
(265.68807101249695, 3)
(266.20745491981506, 5)
(266.73083209991455, 2)
(267.24564504623413, 58)
(267.751482963562, 88)
(268.2611949443817, 104)
(268.8186218738556, 58)
(269.3443260192871, 49)
(269.85800790786743, 17)
(270.3756880760193, 4)
(270.91118597984314, 53)
(271.43484807014465, 45)
(271.9564800262451, 29)
(272.4701919555664, 4)
(273.0057098865509, 4)
(273.51944303512573, 4)
(274.04313492774963, 2)
(274.5669379234314, 30)
(275.09872794151306, 87)
(275.61004400253296, 86)
(276.134978055954, 86)
(276.6643190383911, 85)
(277.2129340171814, 55)
(277.7223689556122, 56)
(278.23924493789673, 51)
(278.74598002433777, 48)
(279.26667308807373, 49)
(279.7978880405426, 47)
(280.3046441078186, 57)
(280.83587193489075, 43)
(281.34608006477356, 41)
(281.8563289642334, 43)
(282.3875379562378, 44)
(282.91533493995667, 61)
(283.4377520084381, 43)
(283.96193194389343, 44)
(284.4931559562683, 26)
(285.0104079246521, 18)
(285.52770805358887, 9)
(286.0563631057739, 14)
(286.5892779827118, 8)
(287.1170229911804, 6)
(287.6396059989929, 2)
(288.1655819416046, 39)
(288.6955759525299, 84)
(289.20800495147705, 83)
(289.72702407836914, 84)
(290.24829506874084, 64)
(290.7692520618439, 43)
(291.28912806510925, 44)
(291.8191978931427, 10)
(292.3383400440216, 19)
(292.8538100719452, 23)
(293.3638560771942, 25)
(293.8792939186096, 21)
(294.3874340057373, 31)
(294.8945300579071, 12)
(295.4106390476227, 9)
(295.94285798072815, 7)
(296.466943025589, 36)
(296.98651909828186, 58)
(297.52040791511536, 112)
(298.04133105278015, 136)
(298.56736493110657, 146)
(299.11617398262024, 133)
(299.63379096984863, 127)
(300.14918398857117, 128)
(300.6859040260315, 141)
(301.19696497917175, 130)
(301.7161090373993, 129)
(302.24029302597046, 85)
(302.75433588027954, 27)
(303.2669429779053, 12)
(303.80982303619385, 13)
(304.32847905158997, 9)
(304.8394660949707, 4)
(305.34907507896423, 2)
(305.8615961074829, 3)
(306.37472701072693, 1)
(306.8867359161377, 6)
(307.39931201934814, 2)
(307.90733194351196, 2)
(308.41535806655884, 2)
(308.9278988838196, 2)
(309.44043588638306, 0)
(309.95168709754944, 28)
(310.46051692962646, 43)
(310.9944660663605, 85)
(311.50864005088806, 66)
(312.0419499874115, 10)
(312.5602340698242, 4)
(313.07072496414185, 5)
(313.5948688983917, 5)
(314.1189270019531, 1)
(314.639230966568, 0)
(315.1496798992157, 0)
(315.65821409225464, 7)
(316.1823389530182, 2)
(316.7103350162506, 40)
(317.2234070301056, 62)
(317.7779619693756, 51)
(318.2859320640564, 9)
(318.79623889923096, 14)
(319.3133978843689, 10)
(319.8220579624176, 17)
(320.3339989185333, 4)
(320.8582589626312, 5)
(321.3981730937958, 2)
(321.92414689064026, 2)
(322.4413990974426, 1)
(322.95863604545593, 0)
(323.5020101070404, 0)
(324.0227770805359, 0)
(324.539990901947, 0)
(325.0590178966522, 6)
(325.6023790836334, 45)
(326.1143651008606, 94)
(326.631639957428, 89)
(327.189640045166, 60)
(327.7099840641022, 6)
(328.2316379547119, 6)
(328.7580270767212, 33)
(329.27825808525085, 44)
(329.7860150337219, 41)
(330.29684495925903, 27)
(330.81397700309753, 2)
(331.32330989837646, 11)
(331.85131096839905, 15)
(332.3808240890503, 47)
(332.9072918891907, 48)
(333.4276010990143, 28)
(333.969584941864, 5)
(334.5037109851837, 3)
(335.0114588737488, 37)
(335.5239369869232, 53)
(336.0436038970947, 54)
(336.57364797592163, 86)
(337.09044003486633, 88)
(337.60394191741943, 78)
(338.1213870048523, 8)
(338.64868807792664, 7)
(339.1701400279999, 50)
(339.7102530002594, 38)
(340.21763491630554, 14)
(340.76846408843994, 69)
(341.29756593704224, 65)
(341.81930208206177, 54)
(342.36333298683167, 35)
(342.8875079154968, 6)
(343.4161639213562, 3)
(343.9344549179077, 11)
(344.4468939304352, 26)
(344.969584941864, 69)
(345.50422191619873, 86)
(346.0313220024109, 98)
(346.5566039085388, 75)
(347.0893249511719, 84)
(347.59839701652527, 84)
(348.1125690937042, 59)
(348.657527923584, 47)
(349.1678020954132, 45)
(349.7151870727539, 53)
(350.2896430492401, 51)
(350.8187611103058, 66)
(351.33290791511536, 106)
(351.84879207611084, 130)
(352.36000394821167, 128)
(352.8787178993225, 86)
(353.3993229866028, 55)
(353.918340921402, 49)
(354.4410328865051, 56)
(354.97861909866333, 39)
(355.4865610599518, 11)
(356.0048859119415, 7)
(356.54834604263306, 13)
(357.0710508823395, 13)
(357.59270191192627, 7)
(358.1239879131317, 42)
(358.64816093444824, 86)
(359.17094707489014, 57)
(359.70114302635193, 44)
(360.21048402786255, 41)
(360.7199499607086, 42)
(361.23859906196594, 49)
(361.756609916687, 43)
(362.27199602127075, 48)
(362.7874710559845, 79)
(363.30582308769226, 97)
(363.8452138900757, 96)
(364.3591830730438, 55)
(364.87028098106384, 102)
(365.39485597610474, 144)
(365.9035370349884, 95)
(366.43562602996826, 123)
(366.97155809402466, 126)
(367.50462102890015, 118)
(368.0353660583496, 142)
(368.5554940700531, 103)
(369.07660388946533, 73)
(369.5989670753479, 46)
(370.11869192123413, 52)
(370.6287760734558, 61)
(371.1430079936981, 39)
(371.6723129749298, 16)
(372.19176387786865, 13)
(372.7168550491333, 28)
(373.2387731075287, 22)
(373.7584810256958, 6)
(374.2877199649811, 21)
(374.80740690231323, 24)
(375.32982110977173, 15)
(375.8523619174957, 8)
(376.37333607673645, 8)
(376.8958170413971, 6)
(377.4291899204254, 13)
(377.9792890548706, 4)
(378.4955949783325, 2)
(379.0246949195862, 2)
(379.54502511024475, 2)
(380.08383107185364, 40)
(380.6224539279938, 41)
(381.1427888870239, 83)
(381.6767599582672, 131)
(382.1989459991455, 124)
(382.72991490364075, 129)
(383.26531505584717, 130)
(383.7924129962921, 95)
(384.3275260925293, 81)
(384.8478579521179, 61)
(385.3770730495453, 53)
(385.9083790779114, 49)
(386.4245479106903, 48)
(386.96951389312744, 10)
(387.5112500190735, 19)
(388.04497599601746, 59)
(388.56750893592834, 93)
(389.09402990341187, 99)
(389.623517036438, 116)
(390.1328489780426, 89)
(390.6678318977356, 61)
(391.1987590789795, 56)
(391.7309548854828, 77)
(392.24413800239563, 13)
(392.7504880428314, 8)
(393.2692840099335, 7)
(393.8013780117035, 14)
(394.3227241039276, 3)
(394.84414887428284, 26)
(395.3722400665283, 7)
(395.8908739089966, 6)
(396.4231050014496, 4)
(396.94209694862366, 10)
(397.4654688835144, 3)
(397.9989080429077, 2)
(398.5230178833008, 2)
(399.0476438999176, 2)
(399.58745789527893, 1)
(400.10764598846436, 0)
(400.6397030353546, 5)
(401.1915090084076, 2)
(401.7124490737915, 2)
(402.2351839542389, 3)
(402.7886679172516, 2)
(403.3082149028778, 0)
(403.8306269645691, 0)
(404.36434507369995, 0)
(404.87544107437134, 7)
(405.38652300834656, 2)
(405.9049029350281, 2)
(406.41535210609436, 3)
(406.9280149936676, 8)
(407.4356288909912, 8)
(407.94407296180725, 4)
(408.4847459793091, 9)
(408.9928629398346, 31)
(409.51611590385437, 45)
(410.05893898010254, 52)
(410.57661509513855, 33)
(411.11201906204224, 14)
(411.6299080848694, 10)
(412.14534091949463, 7)
(412.66329193115234, 2)
(413.19846200942993, 0)
(413.7180531024933, 0)
(414.23374605178833, 0)
(414.7831530570984, 15)
(415.30857610702515, 3)
(415.8261818885803, 50)
(416.3576328754425, 45)
(416.86404395103455, 68)
(417.3850190639496, 10)
(417.91953206062317, 8)
(418.4498920440674, 15)
(418.9795000553131, 8)
(419.4878740310669, 13)
(420.00783705711365, 6)
(420.5278170108795, 6)
(421.04005694389343, 3)
(421.5581429004669, 2)
(422.0737450122833, 11)
(422.6017460823059, 2)
(423.12235593795776, 28)
(423.6468560695648, 21)
(424.1638638973236, 4)
(424.68372988700867, 6)
(425.2036941051483, 8)
(425.7179870605469, 9)
(426.27825808525085, 6)
(426.80391097068787, 4)
(427.32904505729675, 31)
(427.85203194618225, 29)
(428.3674829006195, 32)
(428.8903760910034, 26)
(429.4277091026306, 54)
(429.9526119232178, 53)
(430.48047399520874, 48)
(431.0011260509491, 44)
(431.5233199596405, 40)
(432.04816198349, 42)
(432.5889480113983, 21)
(433.0994300842285, 4)
(433.62419295310974, 13)
(434.140084028244, 79)
(434.6621079444885, 59)
(435.18154788017273, 20)
(435.7013010978699, 9)
(436.22981309890747, 13)
(436.75283789634705, 13)
(437.26750802993774, 44)
(437.79253602027893, 44)
(438.32226300239563, 42)
(438.8387060165405, 34)
(439.3636510372162, 2)
(439.89677000045776, 16)
(440.42494797706604, 12)
(440.9397749900818, 6)
(441.4596269130707, 5)
(441.9794590473175, 4)
(442.4932539463043, 21)
(443.04757499694824, 11)
(443.55583095550537, 8)
(444.0721640586853, 6)
(444.5935158729553, 6)
(445.12001490592957, 2)
(445.6347699165344, 12)
(446.159432888031, 2)
(446.6797320842743, 2)
(447.2085790634155, 2)
(447.7267360687256, 10)
(448.2533779144287, 36)
(448.7700231075287, 42)
(449.2958970069885, 21)
(449.82343196868896, 4)
(450.3556249141693, 2)
(450.88097310066223, 2)
(451.41938400268555, 2)
(451.9541199207306, 0)
(452.47752690315247, 11)
(453.0141189098358, 7)
(453.52909994125366, 62)
(454.04872488975525, 139)
(454.57069206237793, 132)
(455.0826358795166, 106)
(455.6071300506592, 88)
(456.13840794563293, 95)
(456.6696400642395, 83)
(457.1779899597168, 87)
(457.6984899044037, 50)
(458.20817589759827, 57)
(458.7206211090088, 88)
(459.2370181083679, 94)
(459.76431107521057, 87)
(460.28204107284546, 72)
(460.8119430541992, 36)
(461.3364939689636, 6)
(461.8582921028137, 19)
(462.3787660598755, 41)
(462.90337800979614, 46)
(463.425076007843, 52)
(463.94831895828247, 45)
(464.4754729270935, 43)
(464.98788189888, 72)
(465.53286695480347, 86)
(466.0600700378418, 81)
(466.58883690834045, 42)
(467.1353220939636, 45)
(467.65530705451965, 20)
(468.20510387420654, 4)
(468.72615909576416, 3)
(469.24708104133606, 2)
(469.78601598739624, 40)
(470.30274295806885, 41)
(470.83591508865356, 54)
(471.3564920425415, 48)
(471.871896982193, 56)
(472.4033908843994, 102)
(472.9171619415283, 93)
(473.4689049720764, 56)
(473.9923679828644, 24)
(474.51645398139954, 13)
(475.04116892814636, 10)
(475.56446504592896, 44)
(476.09265089035034, 51)
(476.60383892059326, 71)
(477.11802101135254, 15)
(477.65622091293335, 34)
(478.1762080192566, 8)
(478.7042648792267, 16)
(479.21422505378723, 8)
(479.72218799591064, 4)
(480.2362148761749, 3)
(480.7583758831024, 25)
(481.284157037735, 43)
(481.80635595321655, 45)
(482.3223578929901, 42)
(482.8564600944519, 43)
(483.3692739009857, 49)
(483.90924096107483, 42)
(484.4211959838867, 98)
(484.9432590007782, 127)
(485.48340106010437, 124)
(485.994668006897, 87)
(486.5265040397644, 91)
(487.0399720668793, 91)
(487.5741798877716, 50)
(488.1002929210663, 20)
(488.6194589138031, 16)
(489.1478490829468, 8)
(489.6717519760132, 12)
(490.1924510002136, 43)
(490.70105504989624, 42)
(491.2082550525665, 60)
(491.73543405532837, 92)
(492.24597692489624, 97)
(492.8035409450531, 94)
(493.31785893440247, 89)
(493.83104610443115, 105)
(494.3717849254608, 86)
(494.87935400009155, 92)
(495.4153060913086, 82)
(495.9233589172363, 95)
(496.4510328769684, 94)
(496.9695179462433, 46)
(497.4906048774719, 18)
(497.9969630241394, 47)
(498.5054450035095, 71)
(499.04878401756287, 56)
(499.5630009174347, 18)
(500.0853650569916, 43)
(500.6108009815216, 55)
(501.13467597961426, 51)
(501.66089606285095, 19)
(502.17948508262634, 26)
(502.70952701568604, 59)
(503.22745990753174, 90)
(503.75723099708557, 93)
(504.2784490585327, 79)
(504.82016706466675, 91)
(505.35160207748413, 90)
(505.9001929759979, 77)
(506.4513530731201, 49)
(506.9764039516449, 81)
(507.5022270679474, 91)
(508.02219700813293, 86)
(508.55657291412354, 81)
(509.07366609573364, 84)
(509.6038579940796, 87)
(510.12236499786377, 87)
(510.64383697509766, 93)
(511.1624050140381, 113)
(511.686115026474, 121)
(512.2018799781799, 131)
(512.7597570419312, 104)
(513.2970860004425, 161)
(513.8162040710449, 133)
(514.3581840991974, 99)
(514.8826520442963, 92)
(515.4143440723419, 126)
(515.9247000217438, 89)
(516.4394619464874, 124)
(516.9942579269409, 195)
(517.5153369903564, 163)
(518.0296819210052, 173)
(518.5557169914246, 159)
(519.0943460464478, 96)
(519.6126470565796, 92)
(520.1399369239807, 92)
(520.6632599830627, 92)
(521.1857469081879, 54)
(521.7125420570374, 45)
(522.2283959388733, 46)
(522.7695639133453, 44)
(523.2881948947906, 51)
(523.8099029064178, 80)
(524.3588049411774, 75)
(524.8835120201111, 53)
(525.4158089160919, 55)
(525.9242289066315, 46)
(526.4319179058075, 25)
(526.9730980396271, 32)
(527.4876370429993, 45)
(528.0009789466858, 39)
(528.5305008888245, 4)
(529.0641798973083, 22)
(529.5869889259338, 85)
(530.1246500015259, 61)
(530.6403019428253, 15)
(531.1588099002838, 10)
(531.6981809139252, 6)
(532.2170798778534, 20)
(532.7467310428619, 89)
(533.2630290985107, 118)
(533.7885429859161, 136)
(534.3033299446106, 121)
(534.825159072876, 80)
(535.3428099155426, 52)
(535.8930349349976, 52)
(536.4014430046082, 45)
(536.9077110290527, 27)
(537.4230260848999, 42)
(537.9534780979156, 44)
(538.4851660728455, 44)
(539.016802072525, 44)
(539.5613029003143, 50)
(540.0696699619293, 43)
(540.5839219093323, 93)
(541.1006259918213, 76)
(541.6079878807068, 104)
(542.1161708831787, 99)
(542.6535069942474, 54)
(543.1933078765869, 69)
(543.7144060134888, 78)
(544.2599020004272, 48)
(544.7792429924011, 12)
(545.3308420181274, 18)
(545.8431329727173, 10)
(546.3878190517426, 8)
(546.9074199199677, 47)
(547.4420630931854, 48)
(547.9683740139008, 45)
(548.4806880950928, 13)
(549.0266869068146, 6)
(549.5403900146484, 33)
(550.0487160682678, 49)
(550.5931529998779, 45)
(551.12091588974, 45)
(551.6543440818787, 42)
(552.1766369342804, 69)
(552.698723077774, 47)
(553.23060297966, 94)
(553.757649898529, 87)
(554.2876980304718, 111)
(554.8196239471436, 88)
(555.353579044342, 63)
(555.8719120025635, 50)
(556.4007520675659, 38)
(556.9243559837341, 15)
(557.4439749717712, 8)
(557.976804971695, 11)
(558.495176076889, 18)
(559.0214009284973, 18)
(559.5357670783997, 6)
(560.0488018989563, 12)
(560.5855638980865, 13)
(561.1105489730835, 6)
(561.630136013031, 4)
(562.1405429840088, 4)
(562.6548840999603, 2)
(563.1705989837646, 21)
(563.7139999866486, 44)
(564.2296409606934, 67)
(564.7605760097504, 46)
(565.2716178894043, 44)
(565.7967638969421, 44)
(566.3165230751038, 26)
(566.8617119789124, 4)
(567.3795890808105, 11)
(567.9116089344025, 20)
(568.4293069839478, 8)
(568.9519050121307, 33)
(569.4795100688934, 126)
(570.0175700187683, 102)
(570.5471038818359, 91)
(571.0696098804474, 77)
(571.5854659080505, 69)
(572.1114339828491, 75)
(572.6212389469147, 90)
(573.154972076416, 90)
(573.6823608875275, 84)
(574.2033429145813, 93)
(574.7436919212341, 85)
(575.2579400539398, 90)
(575.7984418869019, 67)
(576.3238980770111, 30)
(576.836128950119, 15)
(577.3437259197235, 10)
(577.8560009002686, 50)
(578.3897669315338, 67)
(578.9046049118042, 53)
(579.4226660728455, 54)
(579.9497668743134, 51)
(580.4784910678864, 58)
(580.9919240474701, 71)
(581.5206968784332, 85)
(582.0461900234222, 77)
(582.5672659873962, 56)
(583.0959670543671, 48)
(583.6170039176941, 43)
(584.1319239139557, 45)
(584.6499009132385, 52)
(585.1602890491486, 49)
(585.6677138805389, 44)
(586.1844658851624, 19)
(586.7163519859314, 21)
(587.2627980709076, 90)
(587.8010900020599, 87)
(588.3374359607697, 84)
(588.8644080162048, 47)
(589.4026699066162, 43)
(589.9218900203705, 43)
(590.4356310367584, 41)
(590.9517409801483, 42)
(591.4722409248352, 48)
(591.9875829219818, 43)
(592.5124700069427, 44)
(593.0531740188599, 8)
(593.5718629360199, 4)
(594.1105699539185, 27)
(594.631227016449, 6)
(595.1738500595093, 5)
(595.6925399303436, 4)
(596.2092499732971, 10)
(596.7437469959259, 4)
(597.2743570804596, 43)
(597.8030579090118, 43)
(598.3182029724121, 43)
(598.8409950733185, 40)
(599.3579208850861, 41)
(599.8767569065094, 48)
(600.4242880344391, 82)
(600.9449510574341, 83)
(601.4780530929565, 44)
(601.9931828975677, 29)
(602.5282430648804, 7)
(603.0595290660858, 12)
(603.6017940044403, 7)
(604.1295359134674, 7)
(604.6446659564972, 2)
(605.1742670536041, 2)
(605.6930060386658, 17)
(606.2117989063263, 46)
(606.7377400398254, 44)
(607.2691819667816, 44)
(607.8311750888824, 8)
(608.3607668876648, 6)
(608.8795199394226, 4)
(609.4036591053009, 9)
(609.9332740306854, 44)
(610.4555959701538, 42)
(610.9810419082642, 31)
(611.5123069286346, 7)
(612.0407090187073, 18)
(612.5855119228363, 47)
(613.1082780361176, 51)
(613.635801076889, 29)
(614.1515350341797, 38)
(614.6767098903656, 5)
(615.1964569091797, 32)
(615.7343440055847, 27)
(616.2579879760742, 8)
(616.7776410579681, 7)
(617.301295042038, 6)
(617.8248620033264, 5)
(618.3445489406586, 1)
(618.8701889514923, 0)
(619.3914868831635, 11)
(619.9343419075012, 2)
(620.4599568843842, 2)
(621.0133819580078, 2)
(621.5290410518646, 2)
(622.0665919780731, 0)
(622.5866389274597, 9)
(623.1138288974762, 7)
(623.6454479694366, 10)
(624.1554479598999, 13)
(624.6828980445862, 22)
(625.2122759819031, 57)
(625.7584879398346, 50)
(626.2935960292816, 54)
(626.8170609474182, 49)
(627.354140996933, 97)
