(0, 0)
(0.5014638900756836, 82)
(1.0292689800262451, 11)
(1.560831069946289, 26)
(2.084625005722046, 9)
(2.636345863342285, 9)
(3.157957077026367, 8)
(3.6741559505462646, 25)
(4.235355854034424, 35)
(4.778321981430054, 66)
(5.305150985717773, 70)
(5.846404075622559, 30)
(6.380253076553345, 38)
(6.908202886581421, 43)
(7.438210964202881, 35)
(7.978240966796875, 41)
(8.507921934127808, 40)
(9.026026964187622, 66)
(9.54534101486206, 57)
(10.062115907669067, 38)
(10.591423034667969, 46)
(11.116509914398193, 65)
(11.6474609375, 22)
(12.173642873764038, 20)
(12.697556972503662, 18)
(13.233289003372192, 26)
(13.800956010818481, 22)
(14.333786964416504, 21)
(14.995845079421997, 47)
(15.520462036132812, 84)
(16.050292015075684, 68)
(16.578491926193237, 50)
(17.096297025680542, 24)
(17.621870040893555, 33)
(18.13826894760132, 25)
(18.66887593269348, 30)
(19.190069913864136, 54)
(19.737643003463745, 41)
(20.261384963989258, 64)
(20.78546404838562, 60)
(21.305794954299927, 79)
(21.837602853775024, 157)
(22.369377851486206, 69)
(22.946824073791504, 40)
(23.477195978164673, 32)
(24.017164945602417, 35)
(24.63391399383545, 62)
(25.148689031600952, 63)
(25.666269063949585, 74)
(26.192965984344482, 61)
(26.71067190170288, 77)
(27.224994897842407, 84)
(27.74108600616455, 35)
(28.25497007369995, 80)
(28.780559062957764, 62)
(29.308386087417603, 66)
(29.869575023651123, 50)
(30.384871006011963, 43)
(30.899728059768677, 56)
(31.43188190460205, 31)
(31.977120876312256, 31)
(32.5304319858551, 23)
(33.0897650718689, 29)
(33.633033990859985, 18)
(34.17474007606506, 18)
(34.77719807624817, 15)
(35.29372596740723, 13)
(35.835938930511475, 13)
(36.54216289520264, 31)
(37.056840896606445, 62)
(37.57113790512085, 45)
(38.0841588973999, 65)
(38.60075092315674, 69)
(39.11370396614075, 52)
(39.62749004364014, 77)
(40.14387798309326, 82)
(40.66283106803894, 56)
(41.17757606506348, 62)
(41.693256855010986, 60)
(42.217336893081665, 75)
(42.73180794715881, 71)
(43.25934600830078, 62)
(43.7730770111084, 69)
(44.28877592086792, 74)
(44.80348801612854, 62)
(45.35655093193054, 128)
(45.86797904968262, 97)
(46.39567804336548, 76)
(46.90927195549011, 58)
(47.426100969314575, 60)
(47.93983006477356, 51)
(48.458088874816895, 70)
(49.04229998588562, 56)
(49.561800956726074, 35)
(50.08503985404968, 19)
(50.6125590801239, 45)
(51.15550088882446, 35)
(51.689926862716675, 39)
(52.211405992507935, 32)
(52.743645906448364, 33)
(53.269075870513916, 31)
(53.81722092628479, 26)
(54.35810399055481, 45)
(54.8738489151001, 64)
(55.38554406166077, 68)
(55.90984296798706, 69)
(56.42571401596069, 72)
(56.93867301940918, 72)
(57.45594000816345, 50)
(57.99312090873718, 59)
(58.52474093437195, 71)
(59.03994297981262, 42)
(59.565253019332886, 21)
(60.09046196937561, 20)
(60.619828939437866, 18)
(61.142369985580444, 28)
(61.66197991371155, 16)
(62.223806858062744, 16)
(62.761101961135864, 25)
(63.3040828704834, 22)
(63.8741500377655, 23)
(64.44751000404358, 40)
(64.96219396591187, 48)
(65.47585391998291, 33)
(65.99771690368652, 53)
(66.54522705078125, 75)
(67.05892205238342, 68)
(67.56963586807251, 84)
(68.08038306236267, 70)
(68.59431600570679, 51)
(69.1149230003357, 74)
(69.62775802612305, 57)
(70.14181399345398, 68)
(70.65572690963745, 64)
(71.17063498497009, 65)
(71.68662595748901, 62)
(72.21529006958008, 52)
(72.7295229434967, 56)
(73.24565291404724, 54)
(73.78781485557556, 52)
(74.32077097892761, 44)
(74.87366700172424, 46)
(75.41073107719421, 53)
(75.92836689949036, 108)
(76.45175504684448, 48)
(76.97138094902039, 57)
(77.50567889213562, 45)
(78.03616404533386, 56)
(78.55380892753601, 113)
(79.07450699806213, 50)
(79.59282803535461, 86)
(80.1076979637146, 59)
(80.62959289550781, 61)
(81.16896796226501, 113)
(81.72035002708435, 109)
(82.2578718662262, 122)
(82.80736804008484, 79)
(83.33033490180969, 67)
(83.87281608581543, 61)
(84.40179800987244, 156)
(84.9514229297638, 76)
(85.46745085716248, 57)
(85.97976493835449, 63)
(86.49435305595398, 129)
(87.00887393951416, 167)
(87.55170893669128, 162)
(88.0934190750122, 70)
(88.60813999176025, 59)
(89.12497901916504, 56)
(89.6415650844574, 57)
(90.16396594047546, 63)
(90.68416786193848, 61)
(91.21673107147217, 50)
(91.74036288261414, 56)
(92.25809502601624, 49)
(92.77824306488037, 58)
(93.3045699596405, 60)
(93.82915592193604, 56)
(94.34904789924622, 57)
(94.87571787834167, 44)
(95.40670394897461, 34)
(95.93929195404053, 28)
(96.45676493644714, 34)
(96.97937488555908, 124)
(97.49215888977051, 83)
(98.05555987358093, 72)
(98.57895588874817, 83)
(99.13231301307678, 106)
(99.65695285797119, 110)
(100.17257595062256, 76)
(100.68646907806396, 93)
(101.21544694900513, 45)
(101.74470686912537, 67)
(102.26748991012573, 68)
(102.78422093391418, 111)
(103.3213529586792, 95)
(103.84117102622986, 153)
(104.38727903366089, 175)
(104.94947099685669, 205)
(105.49788999557495, 119)
(106.0184440612793, 64)
(106.53973388671875, 111)
(107.06295704841614, 73)
(107.60156893730164, 63)
(108.12729907035828, 66)
(108.65680599212646, 64)
(109.17255902290344, 62)
(109.72030997276306, 62)
(110.2400770187378, 65)
(110.77688407897949, 229)
(111.3127589225769, 59)
(111.84213900566101, 57)
(112.41876101493835, 85)
(112.93704891204834, 48)
(113.45017504692078, 45)
(113.96414589881897, 49)
(114.48556995391846, 34)
(115.00153589248657, 40)
(115.51692605018616, 50)
(116.03166007995605, 58)
(116.54625201225281, 84)
(117.08058786392212, 72)
(117.59958004951477, 53)
(118.11750102043152, 62)
(118.62886786460876, 77)
(119.14904594421387, 144)
(119.67361497879028, 48)
(120.19438695907593, 32)
(120.72505187988281, 43)
(121.23955607414246, 48)
(121.75942993164062, 43)
(122.27250504493713, 43)
(122.79890489578247, 56)
(123.32262086868286, 55)
(123.86028385162354, 60)
(124.37411308288574, 52)
(124.88967800140381, 61)
(125.40541791915894, 62)
(125.91617393493652, 57)
(126.42794585227966, 54)
(126.95350408554077, 59)
(127.47711086273193, 64)
(127.98991894721985, 52)
(128.50164985656738, 45)
(129.03074502944946, 39)
(129.5578489303589, 38)
(130.08155798912048, 35)
(130.6175298690796, 29)
(131.14840006828308, 35)
(131.67407298088074, 28)
(132.2129509449005, 30)
(132.74973702430725, 28)
(133.27304005622864, 31)
(133.80763506889343, 24)
(134.3458309173584, 19)
(134.88689804077148, 15)
(135.46114087104797, 17)
(136.11852407455444, 7)
(136.69767594337463, 24)
(137.32328987121582, 22)
(138.05042791366577, 24)
(138.71770405769348, 198)
(139.24958300590515, 53)
(139.75943899154663, 51)
(140.27514696121216, 47)
(140.80880999565125, 69)
(141.32414388656616, 66)
(141.835932970047, 115)
(142.3758659362793, 127)
(142.91650986671448, 120)
(143.43363499641418, 120)
(143.97653198242188, 194)
(144.50139093399048, 182)
(145.05393290519714, 201)
(145.5937020778656, 51)
(146.10922694206238, 47)
(146.6364278793335, 48)
(147.19122505187988, 36)
(147.70979285240173, 4)
(148.2330560684204, 10)
(148.76029992103577, 55)
(149.27475690841675, 78)
(149.80185890197754, 86)
(150.3335678577423, 76)
(150.8860309123993, 75)
(151.4177749156952, 111)
(151.9454689025879, 28)
(152.4644069671631, 15)
(152.9868609905243, 91)
(153.50059485435486, 86)
(154.03179788589478, 91)
(154.55848693847656, 96)
(155.08368587493896, 120)
(155.60038089752197, 90)
(156.13415694236755, 90)
(156.66542887687683, 54)
(157.18650603294373, 59)
(157.7002148628235, 52)
(158.2220859527588, 56)
(158.74061107635498, 51)
(159.26333785057068, 55)
(159.78497195243835, 50)
(160.3346869945526, 44)
(160.87850093841553, 150)
(161.41724491119385, 143)
(161.95460200309753, 85)
(162.47259998321533, 60)
(163.0179319381714, 70)
(163.54192805290222, 69)
(164.07064008712769, 36)
(164.60336589813232, 20)
(165.15014600753784, 63)
(165.6697859764099, 77)
(166.21209287643433, 61)
(166.74059104919434, 90)
(167.2649428844452, 92)
(167.79458785057068, 92)
(168.31618785858154, 107)
(168.83539700508118, 100)
(169.36324787139893, 91)
(169.88937187194824, 75)
(170.42203402519226, 76)
(170.93772101402283, 83)
(171.4504840373993, 81)
(171.9831428527832, 80)
(172.50922393798828, 69)
(173.03159308433533, 80)
(173.5462989807129, 67)
(174.06202793121338, 57)
(174.58973002433777, 74)
(175.10142302513123, 82)
(175.6160750389099, 70)
(176.1298098564148, 51)
(176.65653896331787, 63)
(177.17127585411072, 67)
(177.6939480304718, 14)
(178.20951986312866, 18)
(178.74235105514526, 12)
(179.27607607841492, 9)
(179.81580305099487, 3)
(180.3515260219574, 1)
(180.87823700904846, 21)
(181.42193794250488, 82)
(181.94762086868286, 107)
(182.46898198127747, 81)
(182.99766302108765, 46)
(183.52329087257385, 47)
(184.04172205924988, 47)
(184.58175587654114, 53)
(185.1307029724121, 52)
(185.65365290641785, 49)
(186.176589012146, 36)
(186.705717086792, 63)
(187.22872495651245, 91)
(187.74738097190857, 98)
(188.27430987358093, 90)
(188.7997260093689, 103)
(189.3222348690033, 85)
(189.83610606193542, 61)
(190.35442304611206, 55)
(190.8757040500641, 54)
(191.38768887519836, 56)
(191.9033019542694, 77)
(192.42151808738708, 98)
(192.96179103851318, 132)
(193.47934198379517, 107)
(194.00032687187195, 106)
(194.52518486976624, 94)
(195.0457410812378, 109)
(195.5586428642273, 142)
(196.07251906394958, 90)
(196.5869369506836, 71)
(197.11929202079773, 274)
(197.64015197753906, 102)
(198.15449690818787, 58)
(198.66609907150269, 41)
(199.18175387382507, 62)
(199.70627093315125, 93)
(200.22421503067017, 63)
(200.75559401512146, 53)
(201.28000497817993, 51)
(201.80151796340942, 90)
(202.31789708137512, 106)
(202.82611203193665, 123)
(203.3443088531494, 107)
(203.86403799057007, 115)
(204.3841850757599, 171)
(204.9053840637207, 112)
(205.41607785224915, 96)
(205.95082998275757, 90)
(206.4735689163208, 96)
(207.0015048980713, 290)
(207.5278799533844, 230)
(208.0386369228363, 78)
(208.56404185295105, 75)
(209.09247493743896, 52)
(209.6122009754181, 20)
(210.13400197029114, 19)
(210.65900087356567, 10)
(211.18298196792603, 23)
(211.70843505859375, 58)
(212.24421787261963, 111)
(212.76149988174438, 102)
(213.28089499473572, 124)
(213.79958987236023, 216)
(214.32070207595825, 133)
(214.84982299804688, 63)
(215.36858487129211, 65)
(215.88168287277222, 81)
(216.39561986923218, 78)
(216.9075858592987, 76)
(217.4209439754486, 84)
(217.93972396850586, 95)
(218.4528510570526, 110)
(218.96866703033447, 99)
(219.49225187301636, 84)
(220.0069079399109, 95)
(220.52153897285461, 77)
(221.03371787071228, 73)
(221.55546808242798, 7)
(222.07853293418884, 4)
(222.6001160144806, 7)
(223.1265048980713, 4)
(223.6462459564209, 2)
(224.1618549823761, 2)
(224.6824848651886, 2)
(225.2093379497528, 9)
(225.72837901115417, 2)
(226.25002598762512, 9)
(226.7743399143219, 9)
(227.2976438999176, 30)
(227.82038187980652, 78)
(228.34225988388062, 53)
(228.86381196975708, 15)
(229.38397598266602, 15)
(229.90277791023254, 11)
(230.4251000881195, 11)
(230.96236991882324, 32)
(231.49002289772034, 54)
(232.0151150226593, 80)
(232.53795194625854, 28)
(233.0616340637207, 15)
(233.58146595954895, 15)
(234.09815192222595, 10)
(234.61603689193726, 18)
(235.1344919204712, 21)
(235.65452694892883, 33)
(236.17804598808289, 13)
(236.69548892974854, 11)
(237.21560192108154, 7)
(237.73432803153992, 47)
(238.26813292503357, 57)
(238.7802450656891, 54)
(239.29415202140808, 52)
(239.8154489994049, 52)
(240.32305598258972, 55)
(240.83485007286072, 45)
(241.35026288032532, 99)
(241.87462091445923, 94)
(242.39751887321472, 44)
(242.9203748703003, 35)
(243.44220089912415, 54)
(243.95703291893005, 51)
(244.47427487373352, 55)
(244.99350500106812, 34)
(245.5169529914856, 6)
(246.03356003761292, 25)
(246.56440997123718, 19)
(247.0779368877411, 10)
(247.59049105644226, 17)
(248.12022995948792, 9)
(248.6440360546112, 8)
(249.18600702285767, 31)
(249.71819186210632, 46)
(250.2409110069275, 29)
(250.7597119808197, 4)
(251.27802300453186, 5)
(251.834410905838, 21)
(252.3659029006958, 125)
(252.89639806747437, 132)
(253.43069696426392, 100)
(253.95044493675232, 104)
(254.46090292930603, 80)
(254.97410106658936, 89)
(255.49686908721924, 81)
(256.00786685943604, 78)
(256.52690386772156, 89)
(257.0567169189453, 84)
(257.57301688194275, 139)
(258.08782505989075, 94)
(258.62759494781494, 101)
(259.1439769268036, 97)
(259.6649520397186, 85)
(260.1956100463867, 96)
(260.7215540409088, 88)
(261.2394230365753, 79)
(261.76666498184204, 78)
(262.27627301216125, 64)
(262.79129099845886, 91)
(263.3065619468689, 241)
(263.83069705963135, 120)
(264.3551049232483, 85)
(264.87240195274353, 83)
(265.40245294570923, 95)
(265.9218330383301, 35)
(266.45576786994934, 17)
(266.97513008117676, 10)
(267.4950850009918, 50)
(268.01622796058655, 48)
(268.535413980484, 43)
(269.05845308303833, 56)
(269.58093905448914, 130)
(270.0986399650574, 103)
(270.6098599433899, 75)
(271.1339828968048, 58)
(271.66502499580383, 51)
(272.2021210193634, 45)
(272.7437369823456, 41)
(273.2930738925934, 35)
(273.8318359851837, 70)
(274.3515329360962, 84)
(274.89474987983704, 44)
(275.4425518512726, 51)
(275.9607689380646, 91)
(276.4796359539032, 76)
(277.0016219615936, 78)
(277.52264499664307, 71)
(278.0440158843994, 78)
(278.5648090839386, 85)
(279.0883569717407, 205)
(279.61335492134094, 118)
(280.1514608860016, 125)
(280.6713058948517, 97)
(281.194787979126, 95)
(281.710156917572, 88)
(282.22368001937866, 93)
(282.74019503593445, 142)
(283.2578959465027, 161)
(283.7878179550171, 178)
(284.3085939884186, 78)
(284.83980989456177, 101)
(285.3616349697113, 88)
(285.8845639228821, 78)
(286.40754103660583, 71)
(286.9257650375366, 80)
(287.4455668926239, 74)
(287.96530199050903, 77)
(288.48475193977356, 62)
(289.0117440223694, 75)
(289.53468203544617, 75)
(290.0550239086151, 70)
(290.58056807518005, 84)
(291.10178995132446, 82)
(291.6240348815918, 109)
(292.14984798431396, 151)
(292.6563868522644, 136)
(293.176078081131, 88)
(293.785649061203, 173)
(294.3211889266968, 106)
(294.8450610637665, 130)
(295.36887288093567, 171)
(295.88801288604736, 91)
(296.4198820590973, 225)
(296.94940304756165, 69)
(297.47020196914673, 64)
(297.99121594429016, 61)
(298.5152950286865, 58)
(299.03922986984253, 31)
(299.5585699081421, 80)
(300.06877303123474, 84)
(300.58831787109375, 223)
(301.1046860218048, 69)
(301.62466502189636, 70)
(302.1375720500946, 62)
(302.65558099746704, 45)
(303.17515206336975, 42)
(303.70445704460144, 50)
(304.23391604423523, 37)
(304.75432300567627, 29)
(305.27343487739563, 36)
(305.78882002830505, 59)
(306.3060128688812, 58)
(306.8327748775482, 56)
(307.3584580421448, 51)
(307.88321185112, 56)
(308.3994719982147, 65)
(308.9114429950714, 71)
(309.42896795272827, 49)
(309.9580099582672, 70)
(310.4743468761444, 67)
(310.98935198783875, 66)
(311.51202297210693, 56)
(312.03069496154785, 60)
(312.5485110282898, 55)
(313.0623240470886, 86)
(313.5752229690552, 97)
(314.0906488895416, 90)
(314.60309386253357, 92)
(315.1181318759918, 102)
(315.63542795181274, 67)
(316.1602568626404, 80)
(316.68235301971436, 82)
(317.1970160007477, 79)
(317.72041606903076, 81)
(318.2364799976349, 135)
(318.75914692878723, 105)
(319.27546286582947, 185)
(319.7914559841156, 232)
(320.31179785728455, 190)
(320.8264989852905, 187)
(321.34555101394653, 110)
(321.85882091522217, 88)
(322.3747179508209, 69)
(322.8882620334625, 150)
(323.4012460708618, 223)
(323.91411304473877, 217)
(324.42461800575256, 123)
(324.944846868515, 88)
(325.4605450630188, 72)
(325.9866819381714, 83)
(326.50881004333496, 73)
(327.02432203292847, 76)
(327.54351902008057, 82)
(328.0662760734558, 169)
(328.64413189888, 214)
(329.2218339443207, 54)
(329.73769092559814, 46)
(330.2571280002594, 62)
(330.7728340625763, 55)
(331.2999129295349, 46)
(331.8283200263977, 65)
(332.35882902145386, 60)
(332.88301396369934, 48)
(333.40839099884033, 45)
(333.9250328540802, 84)
(334.4389350414276, 79)
(334.9510989189148, 59)
(335.4729778766632, 53)
(336.00952100753784, 47)
(336.53354597091675, 47)
(337.0582718849182, 65)
(337.57587003707886, 46)
(338.0955789089203, 50)
(338.61147904396057, 25)
(339.13072299957275, 43)
(339.6528799533844, 63)
(340.1746230125427, 45)
(340.7024700641632, 48)
(341.22371888160706, 52)
(341.7490088939667, 68)
(342.2618839740753, 54)
(342.7825520038605, 13)
(343.30505204200745, 11)
(343.84210991859436, 13)
(344.3735330104828, 16)
(344.89753699302673, 4)
(345.4219479560852, 2)
(345.94165897369385, 8)
(346.4600019454956, 12)
(346.9774179458618, 17)
(347.5085139274597, 49)
(348.03154587745667, 54)
(348.54845690727234, 69)
(349.0757110118866, 114)
(349.6075189113617, 111)
(350.14206290245056, 91)
(350.6662950515747, 31)
(351.1952118873596, 19)
(351.71215200424194, 51)
(352.23398900032043, 52)
(352.7568919658661, 47)
(353.2768189907074, 11)
(353.80374908447266, 48)
(354.32329201698303, 47)
(354.8375289440155, 35)
(355.35442900657654, 47)
(355.8799340724945, 50)
(356.4041540622711, 36)
(356.9202530384064, 6)
(357.43864488601685, 41)
(357.96119689941406, 9)
(358.47478008270264, 46)
(358.9946720600128, 46)
(359.5130338668823, 25)
(360.0380370616913, 20)
(360.55403900146484, 6)
(361.07628297805786, 6)
(361.5984699726105, 6)
(362.12935304641724, 26)
(362.6450459957123, 44)
(363.1729290485382, 44)
(363.70861291885376, 55)
(364.2494418621063, 44)
(364.7849168777466, 43)
(365.329283952713, 22)
(365.8749358654022, 22)
(366.44432497024536, 118)
(366.9670388698578, 57)
(367.4923448562622, 54)
(368.0158360004425, 53)
(368.5297119617462, 49)
(369.0400159358978, 80)
(369.55270290374756, 177)
(370.0652549266815, 79)
(370.58081007003784, 99)
(371.10053300857544, 92)
(371.6184048652649, 84)
(372.14293694496155, 86)
(372.6579120159149, 74)
(373.1697368621826, 121)
(373.6825108528137, 91)
(374.2015469074249, 95)
(374.7300989627838, 74)
(375.29422307014465, 72)
(375.8061509132385, 56)
(376.31613087654114, 53)
(376.8294620513916, 49)
(377.3407108783722, 45)
(377.84955191612244, 56)
(378.3719708919525, 51)
(378.884183883667, 48)
(379.4077789783478, 90)
(379.93133997917175, 82)
(380.44290494918823, 19)
(380.9650950431824, 25)
(381.4854609966278, 13)
(382.00040793418884, 16)
(382.51273798942566, 9)
(383.02796506881714, 20)
(383.55446100234985, 7)
(384.0809760093689, 10)
(384.61133790016174, 4)
(385.13275599479675, 47)
(385.664165019989, 68)
(386.1756920814514, 45)
(386.7037980556488, 75)
(387.22318601608276, 57)
(387.7410988807678, 126)
(388.2612249851227, 89)
(388.78028893470764, 52)
(389.28707098960876, 49)
(389.81152606010437, 86)
(390.3332278728485, 85)
(390.84321308135986, 65)
(391.3609809875488, 77)
(391.8769669532776, 74)
(392.41201090812683, 63)
(392.92929005622864, 107)
(393.4460070133209, 126)
(393.96297693252563, 185)
(394.4842360019684, 128)
(395.0077180862427, 48)
(395.5304310321808, 48)
(396.0619649887085, 15)
(396.58268308639526, 8)
(397.1081440448761, 20)
(397.6311640739441, 47)
(398.16039395332336, 81)
(398.6832699775696, 92)
(399.2056200504303, 74)
(399.73767495155334, 43)
(400.2571859359741, 42)
(400.7863938808441, 44)
(401.3082070350647, 43)
(401.8285210132599, 47)
(402.347265958786, 43)
(402.86934995651245, 53)
(403.3927700519562, 44)
(403.9135868549347, 81)
(404.43233585357666, 62)
(404.95750403404236, 53)
(405.47997307777405, 71)
(406.0012240409851, 60)
(406.5204689502716, 69)
(407.0429599285126, 80)
(407.5672640800476, 84)
(408.10008096694946, 85)
(408.6150679588318, 70)
(409.1411290168762, 85)
(409.6814329624176, 64)
(410.1988079547882, 16)
(410.71713399887085, 10)
(411.2439908981323, 43)
(411.77547693252563, 47)
(412.29875802993774, 47)
(412.8247928619385, 76)
(413.36791706085205, 85)
(413.88986587524414, 87)
(414.40527987480164, 33)
(414.9299418926239, 18)
(415.445072889328, 11)
(415.95899391174316, 10)
(416.4835078716278, 6)
(417.2149078845978, 46)
(417.7329080104828, 52)
(418.26494789123535, 70)
(418.7879419326782, 83)
(419.3088529109955, 70)
(419.8359339237213, 90)
(420.3678729534149, 111)
(420.89615392684937, 95)
(421.4196219444275, 100)
(421.9358239173889, 102)
(422.45419788360596, 117)
(422.9644739627838, 45)
(423.500853061676, 14)
(424.0088760852814, 9)
(424.5396809577942, 42)
(425.06754899024963, 54)
(425.6333270072937, 52)
(426.1494240760803, 66)
(426.6699118614197, 59)
(427.18478989601135, 119)
(427.70184206962585, 84)
(428.2096140384674, 51)
(428.72566986083984, 31)
(429.2352180480957, 33)
(429.7564399242401, 12)
(430.3121268749237, 10)
(430.8318178653717, 6)
(431.3567090034485, 23)
(431.89579701423645, 14)
(432.4225950241089, 13)
(432.9381959438324, 16)
(433.4501368999481, 12)
(433.9761800765991, 8)
(434.49980187416077, 25)
(435.0084960460663, 17)
(435.53381991386414, 36)
(436.0600640773773, 58)
(436.5780019760132, 44)
(437.25165605545044, 132)
(437.7792069911957, 137)
(438.31045603752136, 143)
(438.84965205192566, 84)
(439.7096600532532, 38)
(440.2345690727234, 17)
(440.76436495780945, 53)
(441.29253792762756, 63)
(441.8056800365448, 31)
(442.33493995666504, 8)
(442.85430002212524, 7)
(443.4665389060974, 6)
(443.99362301826477, 16)
(444.52474904060364, 36)
(445.1146218776703, 53)
(445.6365828514099, 53)
(446.1585428714752, 51)
(446.66549706459045, 39)
(447.20533895492554, 61)
(447.79621291160583, 101)
(448.32616686820984, 107)
(448.83862805366516, 55)
(449.34607791900635, 70)
(449.870924949646, 89)
(450.38455986976624, 71)
(450.906485080719, 69)
(451.43148493766785, 49)
(451.9612019062042, 62)
(452.4886100292206, 66)
(453.1123569011688, 119)
(453.6444659233093, 122)
(454.16167402267456, 65)
(454.69511699676514, 213)
(455.2134518623352, 90)
(455.7339060306549, 83)
(456.24720907211304, 81)
(456.7573928833008, 143)
(457.359130859375, 44)
(457.87860107421875, 54)
(458.3968389034271, 76)
(458.91062593460083, 56)
(459.42377400398254, 63)
(459.93662691116333, 79)
(460.44835591316223, 46)
(460.9719760417938, 62)
(461.4855968952179, 65)
(462.0005609989166, 64)
(462.5288028717041, 81)
(463.04310488700867, 47)
(463.564001083374, 34)
(464.20313000679016, 48)
(464.73377990722656, 61)
(465.27769708633423, 66)
(465.8152129650116, 77)
(466.42362904548645, 200)
(466.9393889904022, 99)
(467.464693069458, 87)
(468.01859498023987, 87)
(468.58957505226135, 138)
(469.1288049221039, 172)
(469.6654779911041, 169)
(470.2023470401764, 211)
(470.75446796417236, 67)
(471.2983808517456, 64)
(471.83327293395996, 46)
(472.34315299987793, 16)
(472.8557388782501, 6)
(473.3640959262848, 27)
(473.8857250213623, 64)
(474.4018039703369, 62)
(474.97059297561646, 62)
(475.53825187683105, 67)
(476.06865096092224, 56)
(476.6014769077301, 40)
(477.1164479255676, 68)
(477.62655687332153, 66)
(478.14779591560364, 38)
(478.6633529663086, 42)
(479.1841969490051, 62)
(479.71184396743774, 74)
(480.25636291503906, 80)
(480.8220889568329, 133)
(481.34139585494995, 71)
(481.8877389431, 84)
(482.4038178920746, 15)
(482.9211320877075, 10)
(483.4398760795593, 6)
(483.96464490890503, 5)
(484.48493099212646, 10)
(485.0052750110626, 5)
(485.5346939563751, 42)
(486.0592920780182, 48)
(486.60796308517456, 56)
(487.1227390766144, 46)
(487.63176703453064, 76)
(488.1481308937073, 88)
(488.6619839668274, 80)
(489.173623085022, 87)
(489.7072789669037, 75)
(490.2247848510742, 77)
(490.74422097206116, 81)
(491.2583589553833, 82)
(491.7807319164276, 81)
(492.3062448501587, 78)
(492.82216787338257, 69)
(493.3458249568939, 14)
(493.8591010570526, 9)
(494.36930799484253, 7)
(494.87917494773865, 18)
(495.50483298301697, 80)
(496.03403306007385, 82)
(496.54470896720886, 13)
(497.1215629577637, 93)
(497.645840883255, 78)
(498.1673319339752, 57)
(498.67766094207764, 195)
(499.2218859195709, 85)
(499.74773597717285, 81)
(500.26411485671997, 82)
(500.7931139469147, 81)
(501.30711007118225, 136)
(501.8122260570526, 154)
(502.3449330329895, 77)
(502.8807170391083, 85)
(503.393639087677, 47)
(503.9038860797882, 93)
(504.42535305023193, 58)
(505.0311870574951, 77)
(505.5450360774994, 27)
(506.05557203292847, 42)
(506.57218194007874, 17)
(507.10663199424744, 10)
(507.63392305374146, 48)
(508.1605908870697, 92)
(508.6834468841553, 60)
(509.24230790138245, 98)
(510.21028304100037, 5)
(510.73675894737244, 42)
(511.2570240497589, 21)
(511.7835030555725, 13)
(512.3005120754242, 9)
(512.8210179805756, 14)
(513.3421940803528, 35)
(513.8561818599701, 48)
(514.377445936203, 99)
(514.9108159542084, 42)
(515.4681508541107, 109)
(515.9798970222473, 165)
(516.4928848743439, 96)
(517.0083038806915, 101)
(517.5348539352417, 82)
(518.0519480705261, 86)
(518.5724980831146, 104)
(519.1003630161285, 96)
(519.627140045166, 192)
(520.1405229568481, 86)
(520.6638450622559, 84)
(521.1761710643768, 66)
(521.7085559368134, 124)
(522.2297449111938, 22)
(522.745719909668, 11)
(523.2742080688477, 37)
(523.7984938621521, 112)
(524.329873085022, 94)
(524.8584599494934, 45)
(525.3805339336395, 58)
(525.9012608528137, 28)
(526.4136118888855, 28)
(526.9441180229187, 65)
(527.4663360118866, 57)
(527.9832758903503, 50)
(528.5003700256348, 49)
(529.0161249637604, 15)
(529.5366098880768, 11)
(530.0584809780121, 81)
(530.5896339416504, 100)
(531.1009929180145, 136)
(531.6188459396362, 76)
(532.1378419399261, 72)
(532.6613938808441, 22)
(533.1784360408783, 15)
(533.7239289283752, 13)
(534.2447140216827, 7)
(534.7670378684998, 23)
(535.2797908782959, 15)
(535.787703037262, 11)
(536.2943940162659, 72)
(536.8259868621826, 97)
(537.3736810684204, 109)
(537.8891370296478, 99)
(538.4097609519958, 52)
(538.9352819919586, 12)
(539.4546420574188, 13)
(539.9743239879608, 10)
(540.4891059398651, 9)
(541.0052499771118, 0)
(541.5303630828857, 24)
(542.0793929100037, 87)
(542.6468169689178, 71)
(543.3058378696442, 103)
(543.8730599880219, 73)
(544.3945279121399, 39)
(544.9255299568176, 59)
(545.4537110328674, 12)
(545.9802379608154, 60)
(546.4889950752258, 52)
(547.0230360031128, 63)
(547.5502469539642, 60)
(548.108598947525, 62)
(548.6310179233551, 94)
(549.1470849514008, 58)
(549.6650018692017, 56)
(550.1897039413452, 54)
(550.7818069458008, 61)
(551.3032488822937, 127)
(551.8195068836212, 88)
(552.3375689983368, 61)
(552.8499598503113, 78)
(553.3698120117188, 76)
(553.929132938385, 59)
(554.4497060775757, 71)
(554.9679749011993, 80)
(555.4970080852509, 171)
(556.0170500278473, 75)
(556.5364079475403, 132)
(557.0864200592041, 62)
(557.6165289878845, 33)
(558.1375269889832, 15)
(558.6614880561829, 17)
(559.1870830059052, 14)
(559.6946768760681, 52)
(560.2045528888702, 47)
(560.7123310565948, 87)
(561.2236700057983, 64)
(561.7399098873138, 47)
(562.2596089839935, 59)
(562.7870879173279, 87)
(563.3158140182495, 59)
(563.8334288597107, 6)
(564.3542549610138, 12)
(564.8742730617523, 27)
(565.394681930542, 50)
(565.9107329845428, 57)
(566.4215710163116, 55)
(566.9517729282379, 69)
(567.4743039608002, 73)
(567.9815459251404, 53)
(568.5133619308472, 67)
(569.0322909355164, 98)
(569.5685110092163, 87)
(570.0908970832825, 62)
(570.6063339710236, 42)
(571.1142148971558, 42)
(571.6250779628754, 42)
(572.1332030296326, 43)
(572.6604759693146, 41)
(573.1974449157715, 41)
(573.723198890686, 41)
(574.2417559623718, 29)
(574.7565648555756, 2)
(575.2852790355682, 2)
(575.811322927475, 2)
(576.3388569355011, 2)
(576.869931936264, 1)
(577.3874280452728, 0)
(577.9060900211334, 0)
(578.4254410266876, 0)
(578.9503920078278, 0)
(579.4707419872284, 0)
(579.9889938831329, 0)
(580.5051078796387, 0)
(581.0271909236908, 0)
(581.5476088523865, 0)
(582.0662670135498, 0)
(582.5911898612976, 0)
(583.1112270355225, 0)
(583.6312580108643, 0)
(584.156033039093, 0)
(584.6772420406342, 0)
(585.1924068927765, 0)
(585.7132279872894, 0)
(586.2275810241699, 0)
(586.7441689968109, 0)
(587.2696828842163, 0)
(587.7882959842682, 0)
(588.31556391716, 0)
(588.8285250663757, 0)
(589.3473429679871, 0)
(589.8788208961487, 0)
(590.3935980796814, 0)
(590.912477016449, 0)
(591.4288239479065, 0)
(591.9548990726471, 0)
(592.4859900474548, 0)
(593.0092329978943, 0)
(593.5381269454956, 0)
(594.0530738830566, 0)
(594.5857808589935, 0)
(595.1205739974976, 0)
(595.6354489326477, 0)
(596.1623990535736, 0)
(596.6799430847168, 0)
(597.2036879062653, 0)
(597.7232959270477, 0)
(598.2424118518829, 0)
(598.7612910270691, 0)
(599.2913858890533, 0)
(599.8118848800659, 0)
(600.3273720741272, 0)
(600.8437929153442, 0)
(601.3553018569946, 0)
(601.8736910820007, 0)
(602.3870189189911, 0)
(602.8985259532928, 0)
(603.4249920845032, 0)
(603.9516379833221, 0)
(604.463418006897, 0)
(604.9972789287567, 0)
(605.5228490829468, 0)
(606.0475149154663, 0)
(606.5746569633484, 0)
(607.0943629741669, 0)
(607.6096179485321, 0)
(608.1227080821991, 0)
(608.6401569843292, 0)
(609.1539580821991, 0)
(609.6767399311066, 0)
(610.2092840671539, 0)
(610.7347810268402, 0)
(611.2478919029236, 0)
(611.7685060501099, 0)
(612.2966010570526, 0)
(612.8125760555267, 0)
(613.3354890346527, 0)
(613.8580338954926, 0)
(614.3780479431152, 0)
(614.897253036499, 0)
(615.4161429405212, 0)
(615.930261850357, 0)
(616.4457609653473, 0)
(616.9648358821869, 0)
(617.4903419017792, 0)
(618.0058019161224, 0)
(618.5299620628357, 0)
(619.0483150482178, 0)
(619.5669319629669, 0)
(620.0869388580322, 0)
(620.6083490848541, 0)
(621.1229660511017, 0)
(621.6451389789581, 0)
(622.1773309707642, 0)
(622.6964349746704, 0)
(623.2197620868683, 0)
(623.7409138679504, 0)
(624.2572350502014, 0)
(624.7814240455627, 0)
(625.3056218624115, 0)
(625.8234488964081, 0)
(626.3524699211121, 0)
(626.8729519844055, 0)
(627.3891699314117, 0)
(627.9050500392914, 0)
(628.4209809303284, 0)
(628.9433860778809, 0)
(629.4749820232391, 0)
(629.9896059036255, 0)
(630.5085489749908, 0)
(631.0270810127258, 0)
(631.545646905899, 0)
