(0.5029058456420898, 0)
(1.0267629623413086, 0)
(1.554265022277832, 0)
(2.0758259296417236, 0)
(2.5945658683776855, 0)
(3.116926908493042, 0)
(3.63211989402771, 0)
(4.1512370109558105, 0)
(4.676091909408569, 0)
(5.20594596862793, 0)
(5.730666875839233, 0)
(6.248517990112305, 0)
(6.769821882247925, 0)
(7.292837858200073, 0)
(7.8175928592681885, 0)
(8.345764875411987, 1)
(8.863343954086304, 0)
(9.385589838027954, 0)
(9.920753955841064, 0)
(10.440124034881592, 1)
(10.953819990158081, 0)
(11.468979835510254, 0)
(11.981202840805054, 0)
(12.493463039398193, 0)
(13.002753019332886, 1)
(13.510565996170044, 0)
(14.019860982894897, 0)
(14.543850898742676, 0)
(15.075249910354614, 0)
(15.599392890930176, 0)
(16.107252836227417, 0)
(16.617987871170044, 0)
(17.12583589553833, 0)
(17.635145902633667, 0)
(18.144426822662354, 0)
(18.65226697921753, 0)
(19.160094022750854, 1)
(19.668370962142944, 0)
(20.183533906936646, 0)
(20.710439920425415, 2)
(21.22124481201172, 0)
(21.732041835784912, 0)
(22.24571704864502, 1)
(22.754020929336548, 0)
(23.299912929534912, 0)
(23.831214904785156, 0)
(24.350602865219116, 0)
(24.870149850845337, 0)
(25.398421049118042, 0)
(25.92410898208618, 0)
(26.464478969573975, 0)
(26.9907488822937, 0)
(27.52989888191223, 1)
(28.05915904045105, 0)
(28.58276391029358, 0)
(29.10114097595215, 0)
(29.61951184272766, 0)
(30.148638010025024, 1)
(30.667196035385132, 0)
(31.188836812973022, 0)
(31.701361894607544, 1)
(32.21264100074768, 0)
(32.73971486091614, 0)
(33.26258182525635, 1)
(33.78964591026306, 0)
(34.30620193481445, 0)
(34.82016086578369, 0)
(35.33568596839905, 0)
(35.85294485092163, 0)
(36.366875886917114, 0)
(36.88908100128174, 0)
(37.41283988952637, 0)
(37.92675995826721, 0)
(38.450567960739136, 0)
(38.97114396095276, 0)
(39.49335193634033, 0)
(40.01716589927673, 0)
(40.53931403160095, 0)
(41.058907985687256, 0)
(41.58108401298523, 0)
(42.101616859436035, 0)
(42.622129917144775, 0)
(43.145957946777344, 0)
(43.6681489944458, 0)
(44.19195103645325, 0)
(44.71749782562256, 0)
(45.24458289146423, 0)
(45.772464990615845, 0)
(46.293155908584595, 0)
(46.81512093544006, 0)
(47.33745193481445, 0)
(47.85957193374634, 0)
(48.38435482978821, 0)
(48.90920400619507, 0)
(49.426750898361206, 0)
(49.95259690284729, 0)
(50.47756600379944, 0)
(51.01708984375, 0)
(51.54862403869629, 0)
(52.080869913101196, 0)
(52.60273504257202, 1)
(53.13070583343506, 0)
(53.65249991416931, 1)
(54.184191942214966, 0)
(54.69627594947815, 0)
(55.2113938331604, 0)
(55.7316038608551, 0)
(56.248692989349365, 1)
(56.76871585845947, 0)
(57.284021854400635, 1)
(57.80023789405823, 0)
(58.31187891960144, 0)
(58.83261704444885, 1)
(59.348299980163574, 0)
(59.86402702331543, 0)
(60.387691020965576, 0)
(60.906383991241455, 0)
(61.43915796279907, 1)
(61.97581386566162, 0)
(62.492509841918945, 0)
(63.02619290351868, 0)
(63.566879987716675, 0)
(64.10363292694092, 0)
(64.64129400253296, 0)
(65.15819787979126, 1)
(65.6727728843689, 0)
(66.1962058544159, 0)
(66.71516489982605, 0)
(67.23717594146729, 0)
(67.75660681724548, 0)
(68.27630686759949, 0)
(68.79198789596558, 0)
(69.32067799568176, 0)
(69.82737302780151, 0)
(70.33870792388916, 0)
(70.85084891319275, 0)
(71.37887787818909, 0)
(71.90350389480591, 0)
(72.441232919693, 0)
(72.97243785858154, 0)
(73.49576187133789, 0)
(74.03078699111938, 0)
(74.55804991722107, 0)
(75.07973504066467, 0)
(75.60823488235474, 0)
(76.13496685028076, 0)
(76.65635395050049, 0)
(77.18572282791138, 0)
(77.71393394470215, 1)
(78.24725198745728, 0)
(78.76322293281555, 0)
(79.28310990333557, 0)
(79.79895281791687, 0)
(80.31689500808716, 0)
(80.83468985557556, 0)
(81.34326481819153, 1)
(81.8605649471283, 0)
(82.4057388305664, 0)
(82.92647790908813, 1)
(83.44219183921814, 0)
(83.96376299858093, 1)
(84.48583102226257, 0)
(85.00170302391052, 1)
(85.51981902122498, 0)
(86.03040981292725, 0)
(86.53842782974243, 0)
(87.06336402893066, 0)
(87.59035682678223, 0)
(88.1129560470581, 0)
(88.62536787986755, 1)
(89.14822888374329, 1)
(89.67610001564026, 1)
(90.21419501304626, 0)
(90.73066401481628, 0)
(91.23910188674927, 0)
(91.75826001167297, 0)
(92.27879691123962, 0)
(92.79395985603333, 0)
(93.31043982505798, 0)
(93.8295259475708, 0)
(94.3550398349762, 0)
(94.8754370212555, 0)
(95.40190482139587, 0)
(95.91442894935608, 0)
(96.45474481582642, 0)
(96.96344900131226, 0)
(97.48489785194397, 0)
(97.99618482589722, 0)
(98.5048840045929, 0)
(99.01612782478333, 0)
(99.52867484092712, 0)
(100.03734683990479, 0)
(100.54859900474548, 0)
(101.05757284164429, 0)
(101.56570601463318, 0)
(102.09776782989502, 0)
(102.61330604553223, 0)
(103.12270593643188, 0)
(103.63192081451416, 0)
(104.15720701217651, 1)
(104.67434883117676, 0)
(105.18285584449768, 0)
(105.69100904464722, 0)
(106.20475196838379, 0)
(106.74597692489624, 1)
(107.2661919593811, 1)
(107.78406596183777, 1)
(108.30196499824524, 0)
(108.82515001296997, 0)
(109.34148502349854, 0)
(109.8603138923645, 0)
(110.38420081138611, 0)
(110.91036891937256, 1)
(111.42817902565002, 0)
(111.95511603355408, 0)
(112.47680687904358, 1)
(112.98718500137329, 0)
(113.49614882469177, 0)
(114.00507283210754, 0)
(114.52700901031494, 0)
(115.04088997840881, 0)
(115.55608081817627, 1)
(116.07347297668457, 1)
(116.58102202415466, 0)
(117.08855199813843, 0)
(117.59995198249817, 0)
(118.13437986373901, 0)
(118.65522789955139, 1)
(119.16985082626343, 2)
(119.6825749874115, 0)
(120.19446802139282, 0)
(120.70741701126099, 0)
(121.22476601600647, 1)
(121.73644590377808, 1)
(122.24807786941528, 0)
(122.76481699943542, 0)
(123.28175282478333, 0)
(123.80054783821106, 0)
(124.32211303710938, 2)
(124.85265684127808, 0)
(125.37253904342651, 0)
(125.89099502563477, 1)
(126.40975594520569, 0)
(126.91743397712708, 0)
(127.43218302726746, 0)
(127.95188283920288, 0)
(128.46755385398865, 0)
(129.00479102134705, 0)
(129.52997994422913, 1)
(130.0469319820404, 0)
(130.56875586509705, 0)
(131.0855748653412, 1)
(131.6058280467987, 0)
(132.1302809715271, 0)
(132.65082788467407, 0)
(133.1725788116455, 0)
(133.69187998771667, 0)
(134.2070288658142, 2)
(134.73787784576416, 1)
(135.25717782974243, 0)
(135.77290797233582, 0)
(136.29080390930176, 1)
(136.80015301704407, 0)
(137.31072402000427, 0)
(137.81898403167725, 0)
(138.33697199821472, 0)
(138.85749888420105, 0)
(139.36932587623596, 1)
(139.8931758403778, 0)
(140.41247081756592, 0)
(140.94290900230408, 1)
(141.46860885620117, 0)
(141.98847198486328, 0)
(142.51293683052063, 0)
(143.0294840335846, 1)
(143.54143691062927, 0)
(144.05915999412537, 0)
(144.5855839252472, 0)
(145.10351586341858, 0)
(145.62286186218262, 0)
(146.1435968875885, 0)
(146.66023087501526, 0)
(147.18094491958618, 0)
(147.68897485733032, 0)
(148.20495581626892, 0)
(148.72290182113647, 0)
(149.24220490455627, 0)
(149.76721501350403, 0)
(150.2907509803772, 0)
(150.8199439048767, 0)
(151.3449079990387, 0)
(151.87271189689636, 0)
(152.38924503326416, 0)
(152.90997695922852, 0)
(153.43493604660034, 0)
(153.9536910057068, 0)
(154.46799397468567, 0)
(154.98295497894287, 0)
(155.50666403770447, 0)
(156.0281388759613, 0)
(156.566752910614, 0)
(157.09384298324585, 0)
(157.62121081352234, 0)
(158.13811683654785, 0)
(158.66281294822693, 0)
(159.17867803573608, 0)
(159.69656896591187, 0)
(160.21477603912354, 0)
(160.7396960258484, 1)
(161.25160384178162, 1)
(161.76243686676025, 0)
(162.2801330089569, 0)
(162.79734086990356, 1)
(163.32230281829834, 0)
(163.83756494522095, 1)
(164.35614395141602, 0)
(164.87960386276245, 0)
(165.39651799201965, 0)
(165.91834497451782, 0)
(166.4363260269165, 0)
(166.9679980278015, 0)
(167.5083110332489, 0)
(168.0313868522644, 0)
(168.55363297462463, 0)
(169.0771930217743, 0)
(169.59892082214355, 0)
(170.12240195274353, 0)
(170.6409478187561, 0)
(171.16599488258362, 0)
(171.68015694618225, 0)
(172.20600485801697, 1)
(172.7321310043335, 0)
(173.2563979625702, 1)
(173.76657891273499, 0)
(174.2859170436859, 0)
(174.7945339679718, 0)
(175.30263590812683, 0)
(175.8121600151062, 0)
(176.33140397071838, 0)
(176.8445279598236, 0)
(177.363343000412, 0)
(177.88360381126404, 1)
(178.4069468975067, 0)
(178.92583084106445, 0)
(179.44473481178284, 0)
(179.9813289642334, 0)
(180.50316500663757, 0)
(181.02356791496277, 0)
(181.5660219192505, 0)
(182.0893359184265, 0)
(182.61474299430847, 0)
(183.14478182792664, 0)
(183.6754720211029, 0)
(184.19145488739014, 0)
(184.7118330001831, 0)
(185.2380678653717, 0)
(185.74666595458984, 0)
(186.25470900535583, 0)
(186.762277841568, 0)
(187.269544839859, 0)
(187.7806408405304, 0)
(188.3002369403839, 1)
(188.84359502792358, 0)
(189.3618609905243, 2)
(189.8795828819275, 0)
(190.39406991004944, 0)
(190.91079998016357, 2)
(191.43369603157043, 0)
(191.94189596176147, 1)
(192.45907402038574, 0)
(192.9867730140686, 0)
(193.50090289115906, 0)
(194.02255487442017, 0)
(194.549085855484, 0)
(195.08862900733948, 0)
(195.6142439842224, 0)
(196.12894487380981, 0)
(196.65516901016235, 0)
(197.1768238544464, 1)
(197.697105884552, 0)
(198.2216238975525, 0)
(198.74789690971375, 1)
(199.27556991577148, 1)
(199.7957239151001, 0)
(200.33566284179688, 0)
(200.86494398117065, 0)
(201.3880319595337, 2)
(201.908185005188, 0)
(202.44605994224548, 0)
(203.0261788368225, 0)
(203.54822993278503, 0)
(204.0714008808136, 0)
(204.59099888801575, 0)
(205.11232590675354, 0)
(205.6318838596344, 1)
(206.1514539718628, 0)
(206.66865992546082, 0)
(207.18940997123718, 0)
(207.70324897766113, 0)
(208.23097395896912, 0)
(208.74933981895447, 1)
(209.25674891471863, 0)
(209.76425004005432, 0)
(210.27288389205933, 0)
(210.7852268218994, 0)
(211.29266691207886, 0)
(211.80133891105652, 0)
(212.3131320476532, 0)
(212.82351899147034, 0)
(213.33693385124207, 0)
(213.84499382972717, 0)
(214.35886001586914, 1)
(214.87979388237, 0)
(215.40995693206787, 0)
(215.93651294708252, 1)
(216.45412588119507, 1)
(216.9779999256134, 0)
(217.4833209514618, 0)
(218.00515294075012, 1)
(218.51316499710083, 0)
(219.0368049144745, 0)
(219.54799890518188, 0)
(220.0624599456787, 1)
(220.56887888908386, 0)
(221.0818738937378, 0)
(221.58963084220886, 0)
(222.0974998474121, 0)
(222.60536289215088, 0)
(223.11643481254578, 0)
(223.62739300727844, 0)
(224.1350588798523, 0)
(224.64310503005981, 1)
(225.1553750038147, 0)
(225.66992497444153, 2)
(226.19810891151428, 0)
(226.7191948890686, 1)
(227.24091291427612, 0)
(227.76353788375854, 0)
(228.27531003952026, 0)
(228.81030893325806, 1)
(229.32477283477783, 0)
(229.8350658416748, 0)
(230.35315895080566, 0)
(230.86111688613892, 0)
(231.3683488368988, 0)
(231.885244846344, 0)
(232.4192578792572, 1)
(232.93864393234253, 1)
(233.4544038772583, 0)
(233.9746618270874, 0)
(234.49903202056885, 0)
(235.00694799423218, 0)
(235.52465295791626, 0)
(236.04071187973022, 0)
(236.5527949333191, 0)
(237.0675449371338, 0)
(237.58507990837097, 0)
(238.10332584381104, 1)
(238.62236499786377, 1)
(239.14002799987793, 0)
(239.64920687675476, 0)
(240.15702390670776, 0)
(240.66520190238953, 0)
(241.1742968559265, 0)
(241.68329000473022, 0)
(242.19483494758606, 0)
(242.7060899734497, 0)
(243.2177128791809, 0)
(243.72679495811462, 0)
(244.2532398700714, 1)
(244.78226804733276, 0)
(245.29645800590515, 0)
(245.80393600463867, 1)
(246.31387782096863, 0)
(246.82905793190002, 0)
(247.35237193107605, 0)
(247.87075090408325, 0)
(248.39281487464905, 0)
(248.9147868156433, 0)
(249.43897986412048, 0)
(249.95809483528137, 0)
(250.48336601257324, 0)
(251.00725984573364, 0)
(251.5304069519043, 0)
(252.05211281776428, 0)
(252.57523894309998, 0)
(253.09760689735413, 0)
(253.61968088150024, 0)
(254.13481187820435, 0)
(254.65406894683838, 0)
(255.1775360107422, 0)
(255.6940619945526, 0)
(256.2134380340576, 0)
(256.7480618953705, 0)
(257.2701530456543, 1)
(257.78544998168945, 0)
(258.308748960495, 0)
(258.8280279636383, 0)
(259.3627109527588, 0)
(259.88831090927124, 0)
(260.40503001213074, 0)
(260.92462182044983, 0)
(261.4411368370056, 0)
(261.96048283576965, 1)
(262.47691082954407, 0)
(262.9977798461914, 0)
(263.52113485336304, 0)
(264.0306010246277, 0)
(264.5417079925537, 0)
(265.0505180358887, 0)
(265.5601649284363, 0)
(266.07033491134644, 0)
(266.57930397987366, 0)
(267.0975868701935, 0)
(267.62211298942566, 0)
(268.1556258201599, 2)
(268.6618649959564, 0)
(269.17070388793945, 0)
(269.6786799430847, 0)
(270.18660283088684, 0)
(270.69641184806824, 0)
(271.207909822464, 0)
(271.73202681541443, 1)
(272.2385609149933, 0)
(272.74585604667664, 0)
(273.2548608779907, 0)
(273.76385593414307, 0)
(274.282919883728, 0)
(274.791827917099, 0)
(275.30276703834534, 1)
(275.8248829841614, 1)
(276.33318281173706, 0)
(276.84185886383057, 0)
(277.35061597824097, 0)
(277.8702700138092, 0)
(278.3811228275299, 0)
(278.8897318840027, 1)
(279.39696884155273, 0)
(279.9040439128876, 0)
(280.4114668369293, 0)
(280.9193389415741, 0)
(281.4288818836212, 0)
(281.93683981895447, 0)
(282.44474387168884, 0)
(282.955904006958, 0)
(283.46383690834045, 0)
(283.9973838329315, 0)
(284.530818939209, 0)
(285.04359793663025, 0)
(285.5572819709778, 0)
(286.0795919895172, 0)
(286.6019299030304, 0)
(287.1210358142853, 0)
(287.6401858329773, 0)
(288.17206597328186, 0)
(288.68001985549927, 0)
(289.2118890285492, 2)
(289.73498797416687, 0)
(290.2517478466034, 0)
(290.7597088813782, 0)
(291.28397583961487, 0)
(291.79734683036804, 0)
(292.3209009170532, 0)
(292.8426079750061, 0)
(293.40821290016174, 0)
(293.92292189598083, 0)
(294.44576382637024, 0)
(294.9628629684448, 0)
(295.4841208457947, 0)
(295.9987668991089, 0)
(296.5201609134674, 0)
(297.0279679298401, 1)
(297.5501229763031, 0)
(298.07317900657654, 2)
(298.5957579612732, 0)
(299.1104419231415, 0)
(299.6290068626404, 0)
(300.1524338722229, 0)
(300.66995096206665, 0)
(301.1852569580078, 0)
(301.70495200157166, 1)
(302.2278308868408, 0)
(302.7523889541626, 0)
(303.28007197380066, 0)
(303.80608797073364, 0)
(304.32910203933716, 0)
(304.85648703575134, 0)
(305.39341282844543, 0)
(305.92033100128174, 0)
(306.4443860054016, 0)
(306.9685118198395, 0)
(307.4911630153656, 0)
(308.01089692115784, 0)
(308.5406608581543, 0)
(309.0661618709564, 0)
(309.58883690834045, 0)
(310.12710881233215, 0)
(310.65097188949585, 1)
(311.16926884651184, 1)
(311.69331789016724, 0)
(312.2074890136719, 0)
(312.72442603111267, 0)
(313.24374198913574, 0)
(313.7725508213043, 0)
(314.30439281463623, 0)
(314.8380630016327, 0)
(315.3478949069977, 0)
(315.85673093795776, 0)
(316.3662838935852, 0)
(316.8735899925232, 0)
(317.38192987442017, 1)
(317.8965308666229, 0)
(318.4195628166199, 0)
(318.9303660392761, 0)
(319.4612720012665, 0)
(319.98668599128723, 0)
(320.5084729194641, 0)
(321.03206396102905, 0)
(321.56353187561035, 0)
(322.08656096458435, 0)
(322.60833382606506, 0)
(323.13376784324646, 0)
(323.6518888473511, 0)
(324.1773588657379, 0)
(324.6990489959717, 0)
(325.23175287246704, 0)
(325.74449396133423, 0)
(326.26440691947937, 2)
(326.78077387809753, 1)
(327.31315183639526, 0)
(327.82679891586304, 0)
(328.3399279117584, 0)
(328.866840839386, 0)
(329.3889558315277, 1)
(329.93403482437134, 0)
(330.454913854599, 0)
(330.97923588752747, 0)
(331.50015091896057, 0)
(332.0177059173584, 0)
(332.5437059402466, 0)
(333.0628979206085, 1)
(333.5922808647156, 0)
(334.1063799858093, 0)
(334.61889481544495, 0)
(335.13814902305603, 0)
(335.6574709415436, 1)
(336.18337297439575, 0)
(336.7040648460388, 0)
(337.222149848938, 1)
(337.74478101730347, 0)
(338.2608768939972, 0)
(338.78184700012207, 0)
(339.30859994888306, 0)
(339.8295829296112, 0)
(340.3505349159241, 0)
(340.87150597572327, 1)
(341.38619089126587, 1)
(341.93146681785583, 0)
(342.4524359703064, 0)
(342.9701600074768, 0)
(343.49280285835266, 0)
(344.0204219818115, 0)
(344.5656809806824, 0)
(345.10134387016296, 1)
(345.63047194480896, 1)
(346.1474099159241, 0)
(346.65471482276917, 0)
(347.1651129722595, 1)
(347.67397594451904, 0)
(348.1889808177948, 0)
(348.7121670246124, 0)
(349.22034192085266, 0)
(349.73048186302185, 1)
(350.25066900253296, 0)
(350.75901985168457, 0)
(351.26876401901245, 0)
(351.8067579269409, 2)
(352.3151159286499, 0)
(352.82755303382874, 0)
(353.34396386146545, 1)
(353.861713886261, 0)
(354.3862290382385, 0)
(354.89597392082214, 0)
(355.40856099128723, 0)
(355.92207288742065, 0)
(356.4345648288727, 0)
(356.95498394966125, 0)
(357.47959899902344, 0)
(357.9972789287567, 0)
(358.51101183891296, 1)
(359.0371038913727, 1)
(359.544392824173, 0)
(360.05617594718933, 0)
(360.569216966629, 0)
(361.08452892303467, 0)
(361.61014103889465, 0)
(362.1238479614258, 0)
(362.641450881958, 0)
(363.17088294029236, 0)
(363.68359184265137, 1)
(364.19231390953064, 0)
(364.7097089290619, 0)
(365.2342278957367, 0)
(365.7545289993286, 2)
(366.2797498703003, 0)
(366.8045599460602, 1)
(367.3283770084381, 0)
(367.8597288131714, 1)
(368.3800449371338, 0)
(368.8974208831787, 0)
(369.41962695121765, 0)
(369.9438419342041, 0)
(370.46205401420593, 0)
(370.98266196250916, 0)
(371.4984679222107, 0)
(372.02030396461487, 0)
(372.5409209728241, 0)
(373.07594990730286, 0)
(373.59893584251404, 0)
(374.12436985969543, 0)
(374.6392729282379, 0)
(375.1602818965912, 0)
(375.6766219139099, 0)
(376.19963097572327, 0)
(376.7238519191742, 0)
(377.2528820037842, 0)
(377.77228903770447, 0)
(378.29530787467957, 0)
(378.82084798812866, 0)
(379.3432710170746, 0)
(379.8711848258972, 0)
(380.3946158885956, 0)
(380.9223599433899, 1)
(381.4366009235382, 0)
(381.9671108722687, 2)
(382.47243189811707, 0)
(382.99189281463623, 1)
(383.51677203178406, 0)
(384.03020882606506, 0)
(384.5558388233185, 0)
(385.07019090652466, 0)
(385.59261083602905, 1)
(386.1005859375, 0)
(386.60860085487366, 0)
(387.1196210384369, 0)
(387.6319680213928, 0)
(388.1538209915161, 1)
(388.66925597190857, 0)
(389.17979288101196, 1)
(389.7193429470062, 1)
(390.23205184936523, 0)
(390.7402069568634, 1)
(391.2479798793793, 0)
(391.76054191589355, 0)
(392.29418182373047, 0)
(392.8022699356079, 0)
(393.3208038806915, 0)
(393.84088802337646, 1)
(394.3595049381256, 0)
(394.89011693000793, 0)
(395.4087710380554, 0)
(395.93179392814636, 0)
(396.4548969268799, 0)
(396.97498989105225, 0)
(397.4875340461731, 0)
(398.0091509819031, 0)
(398.5322048664093, 0)
(399.06136202812195, 0)
(399.59048295021057, 0)
(400.114385843277, 0)
(400.63838386535645, 0)
(401.157310962677, 0)
(401.67622089385986, 0)
(402.20017099380493, 0)
(402.7190909385681, 0)
(403.23043394088745, 0)
(403.75184392929077, 0)
(404.2758409976959, 0)
(404.7897758483887, 0)
(405.3111538887024, 0)
(405.8301408290863, 0)
(406.3420979976654, 0)
(406.86059284210205, 0)
(407.38135290145874, 0)
(407.8997609615326, 0)
(408.4279909133911, 0)
(408.9534058570862, 0)
(409.4734890460968, 0)
(410.0018858909607, 0)
(410.5216438770294, 0)
(411.0434718132019, 0)
(411.5694799423218, 0)
(412.0882878303528, 0)
(412.60719299316406, 0)
(413.1318290233612, 0)
(413.66034603118896, 0)
(414.17728996276855, 0)
(414.701052904129, 0)
(415.2195599079132, 0)
(415.73792481422424, 0)
(416.25360202789307, 1)
(416.76970291137695, 0)
(417.2818410396576, 0)
(417.79954981803894, 0)
(418.3232138156891, 0)
(418.85054993629456, 0)
(419.36649990081787, 0)
(419.90151500701904, 0)
(420.4093508720398, 0)
(420.9176549911499, 0)
(421.42792797088623, 0)
(421.9527499675751, 0)
(422.4751260280609, 0)
(422.98930287361145, 0)
(423.5165629386902, 0)
(424.0382549762726, 0)
(424.5637369155884, 0)
(425.11027693748474, 0)
(425.6280310153961, 0)
(426.14404296875, 0)
(426.6637909412384, 0)
(427.18856596946716, 0)
(427.7208819389343, 0)
(428.24050998687744, 0)
(428.75439381599426, 0)
(429.2736840248108, 0)
(429.7998888492584, 2)
(430.3180148601532, 0)
(430.8386449813843, 0)
(431.3593280315399, 0)
(431.87285804748535, 0)
(432.3867349624634, 0)
(432.925372838974, 0)
(433.4539759159088, 0)
(433.9728510379791, 0)
(434.49135088920593, 1)
(435.0055878162384, 0)
(435.52590703964233, 0)
(436.0411128997803, 0)
(436.56141901016235, 0)
(437.08169388771057, 0)
(437.6020350456238, 1)
(438.12500190734863, 0)
(438.6457049846649, 0)
(439.15738701820374, 0)
(439.67749190330505, 0)
(440.20346784591675, 0)
(440.7378079891205, 0)
(441.26059889793396, 0)
(441.8100428581238, 0)
(442.33093094825745, 0)
(442.8434510231018, 0)
(443.36771297454834, 0)
(443.8903179168701, 0)
(444.4146020412445, 0)
(444.9321858882904, 0)
(445.4530198574066, 0)
(445.96720695495605, 0)
(446.47808599472046, 0)
(447.0157940387726, 0)
(447.5499858856201, 0)
(448.074501991272, 0)
(448.59708881378174, 0)
(449.1150448322296, 1)
(449.63180685043335, 0)
(450.1528379917145, 0)
(450.67346000671387, 0)
(451.19935297966003, 0)
(451.722678899765, 0)
(452.2406098842621, 0)
(452.7637839317322, 0)
(453.2870600223541, 0)
(453.81291103363037, 0)
(454.3298089504242, 3)
(454.84820103645325, 0)
(455.37148785591125, 0)
(455.89236783981323, 0)
(456.4131278991699, 0)
(456.9304459095001, 0)
(457.44697189331055, 0)
(457.96302795410156, 0)
(458.4780819416046, 0)
(459.0085549354553, 0)
(459.5307049751282, 1)
(460.0396828651428, 0)
(460.5486090183258, 0)
(461.0592739582062, 0)
(461.5732388496399, 0)
(462.09413504600525, 0)
(462.6165249347687, 0)
(463.14348697662354, 1)
(463.6608040332794, 0)
(464.181489944458, 0)
(464.71663188934326, 0)
(465.24543595314026, 0)
(465.76467394828796, 1)
(466.296404838562, 0)
(466.81858086586, 0)
(467.3438858985901, 0)
(467.8596148490906, 0)
(468.3837239742279, 0)
(468.9033999443054, 0)
(469.4359200000763, 0)
(469.9578218460083, 0)
(470.47851490974426, 1)
(470.9982898235321, 0)
(471.52129101753235, 0)
(472.0588698387146, 1)
(472.57613587379456, 1)
(473.0982630252838, 0)
(473.61945104599, 0)
(474.1391739845276, 0)
(474.65891695022583, 0)
(475.18018198013306, 0)
(475.6984529495239, 0)
(476.2195930480957, 1)
(476.74502182006836, 0)
(477.26057291030884, 0)
(477.7758438587189, 0)
(478.2968578338623, 0)
(478.82388401031494, 0)
(479.36908888816833, 0)
(479.89883184432983, 0)
(480.40998697280884, 0)
(480.9468970298767, 0)
(481.466698884964, 1)
(481.9878640174866, 0)
(482.5004069805145, 0)
(483.0147659778595, 0)
(483.52555203437805, 0)
(484.0415909290314, 0)
(484.56035900115967, 0)
(485.0836229324341, 2)
(485.6003358364105, 0)
(486.11703300476074, 0)
(486.63224697113037, 0)
(487.15954184532166, 0)
(487.6838619709015, 0)
(488.2051260471344, 0)
(488.71879386901855, 0)
(489.24003982543945, 0)
(489.76136898994446, 0)
(490.28410601615906, 0)
(490.8053779602051, 1)
(491.32832884788513, 0)
(491.85247802734375, 0)
(492.36001801490784, 1)
(492.87057399749756, 0)
(493.39191794395447, 0)
(493.90862584114075, 0)
(494.42377495765686, 0)
(494.94045400619507, 0)
(495.45823097229004, 0)
(495.96609592437744, 0)
(496.48757696151733, 0)
(497.01449489593506, 0)
(497.5414009094238, 0)
(498.0646779537201, 0)
(498.58286786079407, 1)
(499.10565090179443, 0)
(499.62811398506165, 0)
(500.1473128795624, 0)
(500.67445492744446, 1)
(501.1949818134308, 0)
(501.71820092201233, 0)
(502.23605585098267, 0)
(502.7566268444061, 1)
(503.2837710380554, 1)
(503.80697083473206, 0)
(504.32749700546265, 0)
(504.85868096351624, 1)
(505.3893678188324, 0)
(505.91201090812683, 0)
(506.4321839809418, 0)
(506.95609188079834, 0)
(507.4673488140106, 1)
(507.987557888031, 0)
(508.50385093688965, 0)
(509.02666687965393, 0)
(509.55167984962463, 0)
(510.0755560398102, 0)
(510.593300819397, 0)
(511.1183738708496, 0)
(511.64099884033203, 0)
(512.1611788272858, 1)
(512.6915609836578, 0)
(513.2026209831238, 0)
(513.7152309417725, 1)
(514.2357478141785, 0)
(514.7630298137665, 0)
(515.2726609706879, 0)
(515.7919509410858, 0)
(516.3194408416748, 0)
(516.8409109115601, 0)
(517.3500809669495, 2)
(517.8642618656158, 0)
(518.3767869472504, 0)
(518.8980119228363, 0)
(519.4066219329834, 0)
(519.9209258556366, 0)
(520.4395020008087, 0)
(520.9659848213196, 0)
(521.4976630210876, 0)
(522.0241549015045, 0)
(522.5456709861755, 0)
(523.0674948692322, 0)
(523.588583946228, 0)
(524.1100838184357, 0)
(524.6343448162079, 1)
(525.1615149974823, 1)
(525.6698780059814, 0)
(526.1779320240021, 0)
(526.6860299110413, 0)
(527.1946158409119, 0)
(527.7022080421448, 1)
(528.2103068828583, 0)
(528.7183568477631, 0)
(529.2264878749847, 0)
(529.7412629127502, 1)
(530.25, 0)
(530.7573049068451, 0)
(531.2679088115692, 0)
(531.7950329780579, 1)
(532.3035588264465, 0)
(532.8186190128326, 0)
(533.3318798542023, 2)
(533.8400838375092, 1)
(534.3547568321228, 0)
(534.870316028595, 1)
(535.3953349590302, 0)
(535.90385389328, 0)
(536.4323048591614, 0)
(536.9591920375824, 0)
(537.4829428195953, 0)
(538.0113558769226, 1)
(538.5195119380951, 0)
(539.0495579242706, 0)
(539.5671548843384, 0)
(540.0893049240112, 0)
(540.6100080013275, 0)
(541.1181149482727, 1)
(541.6309199333191, 0)
(542.1640388965607, 0)
(542.6800389289856, 0)
(543.1944088935852, 0)
(543.7083208560944, 0)
(544.2250008583069, 0)
(544.7401850223541, 0)
(545.2605118751526, 0)
(545.7781038284302, 0)
(546.2972829341888, 0)
(546.8141069412231, 0)
(547.3309578895569, 0)
(547.854024887085, 1)
(548.3923559188843, 0)
(548.9209959506989, 0)
(549.442685842514, 0)
(549.9644968509674, 1)
(550.4848299026489, 0)
(551.007926940918, 0)
(551.5241739749908, 0)
(552.0417840480804, 0)
(552.5566658973694, 0)
(553.0783779621124, 0)
(553.5877358913422, 1)
(554.1218538284302, 0)
(554.6303908824921, 0)
(555.153018951416, 1)
(555.6878788471222, 0)
(556.2055490016937, 0)
(556.7137060165405, 0)
(557.240571975708, 0)
(557.7578718662262, 0)
(558.2737150192261, 0)
(558.7907569408417, 0)
(559.2968318462372, 0)
(559.8204100131989, 0)
(560.3361558914185, 0)
(560.8610649108887, 0)
(561.3793659210205, 0)
(561.8997900485992, 0)
(562.4156098365784, 0)
(562.9329090118408, 0)
(563.476320028305, 0)
(563.9951639175415, 1)
(564.5094318389893, 0)
(565.017590045929, 1)
(565.5668289661407, 0)
(566.0765089988708, 0)
(566.6044239997864, 0)
(567.1232969760895, 0)
(567.671196937561, 0)
(568.1939539909363, 0)
(568.7062690258026, 0)
(569.2377018928528, 0)
(569.7786848545074, 0)
(570.3023798465729, 2)
(570.8124618530273, 0)
(571.3228328227997, 0)
(571.8465509414673, 0)
(572.3722128868103, 0)
(572.9090929031372, 1)
(573.4226269721985, 0)
(573.9447660446167, 0)
(574.4668908119202, 0)
(574.9808089733124, 0)
(575.4983308315277, 0)
(576.0161759853363, 0)
(576.5340328216553, 0)
(577.0547528266907, 0)
(577.5754690170288, 0)
(578.154757976532, 0)
(578.6740510463715, 1)
(579.1995339393616, 0)
(579.705482006073, 0)
(580.2350468635559, 0)
(580.7454509735107, 0)
(581.253259897232, 0)
(581.7625238895416, 1)
(582.2775499820709, 0)
(582.8068389892578, 0)
(583.3217828273773, 0)
(583.8396158218384, 0)
(584.3632369041443, 0)
(584.8796589374542, 0)
(585.3950629234314, 0)
(585.9165599346161, 0)
(586.4419898986816, 0)
(586.9552910327911, 0)
(587.4709098339081, 1)
(588.0242478847504, 1)
(588.5585508346558, 0)
(589.0767588615417, 0)
(589.5943968296051, 0)
(590.1152110099792, 0)
(590.6250469684601, 0)
(591.1396238803864, 0)
(591.6557378768921, 0)
(592.1765239238739, 0)
(592.691076040268, 0)
(593.208683013916, 0)
(593.740483045578, 0)
(594.2597010135651, 0)
(594.7783069610596, 0)
(595.2997770309448, 0)
(595.8127069473267, 0)
(596.3240628242493, 0)
(596.841728925705, 0)
(597.3484539985657, 0)
(597.8568730354309, 1)
(598.3694398403168, 0)
(598.8959858417511, 0)
(599.4170160293579, 0)
(599.9400238990784, 0)
(600.4618768692017, 0)
(600.9931588172913, 1)
(601.5086100101471, 0)
(602.0205438137054, 0)
(602.528235912323, 0)
(603.055624961853, 0)
(603.5672340393066, 0)
(604.0877559185028, 0)
(604.6147530078888, 0)
(605.1518728733063, 0)
(605.6777498722076, 0)
(606.2075610160828, 0)
(606.7242438793182, 1)
(607.2475600242615, 0)
(607.7733080387115, 0)
(608.2870860099792, 0)
(608.801383972168, 0)
(609.3459479808807, 0)
(609.8861780166626, 0)
(610.4067080020905, 1)
(610.9412100315094, 0)
(611.4573369026184, 0)
(611.9897978305817, 0)
(612.4999220371246, 0)
(613.0242779254913, 1)
(613.5404379367828, 0)
(614.0537660121918, 0)
(614.5678548812866, 0)
(615.0801830291748, 0)
(615.6016118526459, 0)
(616.1264548301697, 0)
(616.6387820243835, 0)
(617.1603410243988, 0)
(617.6934838294983, 0)
(618.2129290103912, 0)
(618.7188010215759, 0)
(619.2382650375366, 0)
(619.7615690231323, 0)
(620.2827758789062, 0)
(620.7937479019165, 0)
(621.3030068874359, 0)
(621.812294960022, 0)
(622.323235988617, 0)
(622.8307750225067, 0)
(623.3417608737946, 0)
